#OTU ID	Bn27	Bn28	Bn31	Bn32	Bn35	Bn36	Bn63	Bn64	Bn67	Bn68	Bn71	Bn72
OTU759	0	0	0	0	0	0	0	1	0	0	0	0
OTU1203	1	2	0	0	0	3	0	0	0	0	1	0
OTU1471	0	1	0	0	0	0	0	0	0	0	0	0
OTU1876	0	0	0	0	0	0	0	0	4	0	0	0
OTU1983	0	0	0	0	0	0	0	0	0	0	1	0
OTU1981	1	0	0	0	0	0	0	0	0	0	0	0
OTU1679	0	1	0	0	0	0	0	1	0	1	0	0
OTU1798	0	2	0	0	0	0	0	2	0	0	0	0
OTU1178	0	0	0	0	0	0	0	0	0	0	1	0
OTU789	0	0	0	2	0	0	0	0	0	0	0	0
OTU680	1	0	0	0	0	0	1	0	0	2	0	0
OTU1131	0	0	0	0	1	0	0	0	0	0	0	0
OTU2126	0	0	0	0	0	0	0	1	0	0	0	0
OTU2142	0	0	2	0	1	0	0	0	0	0	2	0
OTU889	1	1	4	5	0	6	0	1	0	1	1	1
OTU1262	0	0	0	0	0	0	0	0	0	0	0	2
OTU911	0	0	0	0	0	0	0	0	1	0	0	0
OTU1101	0	0	0	0	0	0	0	0	0	0	1	0
OTU2086	0	0	0	0	0	0	0	0	0	0	0	2
OTU88	23	8	118	20	136	6	13	9	85	4	10	14
OTU769	1	3	3	3	0	0	0	3	0	0	0	0
OTU95	2	0	8	2	2	2	3	0	0	0	0	0
OTU2123	1	0	0	1	0	0	1	0	0	3	0	1
OTU1223	0	0	0	0	1	0	0	0	0	0	0	0
OTU2072	0	0	0	0	1	0	1	0	0	0	0	0
OTU900	0	0	0	2	0	1	2	1	3	0	0	0
OTU2137	0	0	1	0	1	0	0	0	0	0	0	0
OTU1781	0	0	0	0	0	0	0	0	0	0	3	0
OTU1472	0	3	1	0	0	0	1	1	3	0	0	0
OTU656	5	3	0	5	1	1	2	4	6	2	0	0
OTU355	5	15	7	9	0	2	0	5	4	6	9	7
OTU967	0	0	0	0	1	6	0	0	0	0	9	7
OTU529	5	6	2	4	0	4	0	1	2	3	3	3
OTU658	6	7	8	7	2	8	10	11	16	5	2	6
OTU776	2	1	3	2	3	0	2	3	0	8	2	4
OTU1990	3	0	0	0	3	9	0	0	0	0	2	5
OTU751	0	1	2	3	1	3	0	6	2	2	3	5
OTU936	3	10	0	6	5	8	2	6	0	6	22	17
OTU1630	1	4	0	0	0	0	4	1	1	0	3	1
OTU2069	7	2	0	2	0	10	2	6	0	5	0	3
OTU1365	1	2	1	6	1	2	0	4	0	2	0	2
OTU2198	0	7	2	2	0	1	4	2	0	8	3	0
OTU1722	1	1	0	5	3	0	3	7	0	1	6	4
OTU849	1	3	0	5	0	2	2	6	8	1	1	3
OTU1128	3	0	0	1	1	1	2	1	2	0	2	2
OTU2030	1	1	1	3	0	0	0	1	0	0	1	0
OTU1969	2	13	4	9	0	1	1	2	1	1	0	2
OTU812	3	3	2	2	0	0	3	1	0	4	0	1
OTU1717	4	0	4	2	1	2	2	0	0	0	4	3
OTU632	5	3	5	11	5	8	3	18	13	10	10	8
OTU836	6	3	3	12	0	13	8	11	2	5	2	3
OTU803	8	10	10	17	15	24	9	12	4	10	12	8
OTU802	3	3	0	0	0	0	2	2	2	3	0	0
OTU535	7	0	1	4	5	7	0	2	2	2	2	4
OTU1156	0	1	2	2	1	4	0	1	0	2	4	1
OTU1658	8	5	3	6	0	0	5	8	0	4	1	0
OTU1505	1	5	5	6	12	5	5	3	4	5	3	6
OTU666	10	8	10	10	3	1	1	4	11	16	4	1
OTU989	2	0	2	1	3	1	6	0	1	0	1	0
OTU343	3	8	2	5	3	6	0	9	1	4	8	4
OTU1944	1	4	2	2	1	0	1	5	0	3	2	2
OTU424	2	5	3	3	0	0	10	6	2	4	0	0
OTU633	4	13	3	3	0	0	4	12	3	11	0	0
OTU1089	0	1	0	0	0	0	0	0	0	1	0	0
OTU318	5	10	7	10	2	13	2	3	2	4	8	21
OTU597	2	1	2	2	0	0	6	2	6	3	0	0
OTU436	1	2	3	0	1	5	2	0	1	0	3	4
OTU1907	13	9	19	12	9	13	17	9	7	10	5	5
OTU541	15	6	14	14	5	0	12	9	2	23	4	2
OTU635	1	0	0	0	0	0	0	0	0	0	0	0
OTU39	1	0	0	3	1	0	11	1	0	2	3	3
OTU99	1	0	6	2	2	3	1	0	3	0	8	3
OTU192	0	0	0	0	0	0	1	0	4	0	0	1
OTU80	0	0	1	0	0	0	1	0	2	0	0	0
OTU255	2	4	7	8	3	1	2	1	11	1	12	5
OTU349	22	10	3	0	0	0	0	2	0	0	8	1
OTU250	5	1	1	2	2	0	5	0	0	6	1	0
OTU771	25	16	28	3	15	7	14	2	40	6	10	9
OTU1806	0	0	1	1	0	0	1	0	0	0	0	0
OTU223	9	5	12	2	8	6	4	0	6	1	1	1
OTU45	0	2	3	0	17	0	0	0	0	0	0	0
OTU902	10	12	25	7	17	3	7	6	14	5	5	6
OTU2140	3	4	2	1	1	4	1	2	2	1	0	3
OTU47	14	0	4	3	5	5	7	4	16	2	2	8
OTU1117	1	1	0	0	0	0	0	2	0	0	0	0
OTU1100	5	0	1	0	2	0	1	0	4	0	0	0
OTU1920	0	0	0	0	8	0	0	0	1	0	0	0
OTU648	3	0	2	1	4	0	0	2	0	2	0	0
OTU66	1	0	9	1	15	0	0	0	0	0	4	0
OTU269	11	4	7	4	8	2	8	4	8	2	5	6
OTU1881	0	0	2	0	1	2	0	0	0	0	3	1
OTU1080	4	4	2	1	3	2	0	0	0	2	6	0
OTU397	15	18	13	19	8	4	13	13	27	9	16	6
OTU352	6	1	2	1	3	1	4	0	0	4	2	0
OTU2001	5	2	5	4	0	2	4	3	5	0	2	1
OTU1428	1	2	0	6	1	0	3	0	0	0	1	0
OTU859	4	2	2	3	0	0	4	4	1	3	1	0
OTU1102	1	0	2	0	0	0	3	0	1	0	3	2
OTU440	0	14	13	8	0	0	4	1	7	5	0	0
OTU76	2	0	0	0	0	0	0	0	0	0	0	0
OTU129	0	0	1	0	4	0	0	0	1	0	0	0
OTU2208	0	0	0	0	1	0	0	0	0	0	0	0
OTU278	12	4	8	15	15	21	8	14	5	8	22	36
OTU1300	0	0	0	0	0	0	0	0	0	0	1	4
OTU1033	0	1	1	0	0	0	0	0	0	0	0	0
OTU97	0	56	0	0	0	0	0	0	0	0	2	0
OTU185	1	0	1	0	3	0	0	0	0	0	0	0
OTU38	2	2	0	0	3	0	0	0	0	0	0	0
OTU98	0	1	0	2	6	0	0	0	0	0	0	0
OTU1613	0	1	3	0	23	0	0	0	0	0	0	0
OTU25	15	1	2	0	11	0	37	0	3	0	0	0
OTU32	6	0	0	0	1	0	0	1	2	0	0	0
OTU154	14	0	1	0	0	0	0	0	0	0	0	0
OTU365	2	5	2	5	3	5	4	1	2	2	3	2
OTU874	0	0	0	0	1	2	0	0	0	0	4	1
OTU1856	0	0	0	0	1	0	0	0	0	0	0	0
OTU15	20	31	11	6	71	2	1	17	5	1	2	3
OTU29	14	0	72	0	86	0	5	0	56	0	1	0
OTU2065	1	0	0	0	5	0	0	0	0	0	0	0
OTU2022	3	1	0	0	13	0	0	3	3	0	4	1
OTU18	47	8	26	12	232	9	9	31	17	7	14	5
OTU960	0	1	0	0	0	0	0	0	0	0	0	0
OTU1219	0	0	1	0	0	0	0	0	0	0	0	0
OTU1169	0	0	0	1	0	0	1	0	0	0	0	0
OTU931	3	2	0	1	0	2	0	5	0	0	0	0
OTU1119	0	0	0	0	0	0	0	0	0	0	1	0
OTU1628	0	0	0	0	0	0	2	0	0	0	0	0
OTU1588	1	1	0	1	0	0	0	0	0	1	0	0
OTU1293	0	0	0	0	0	2	1	0	0	0	0	0
OTU146	7	0	0	0	0	0	0	0	0	0	0	0
OTU33	9	2	0	0	13	5	1	1	0	0	11	1
OTU2052	0	0	0	0	0	0	0	0	0	0	1	1
OTU1148	0	0	0	0	0	0	0	0	0	1	0	4
OTU1187	0	0	0	0	0	0	0	0	0	1	1	0
OTU1786	0	0	0	1	0	0	0	0	0	1	0	0
OTU1167	0	0	0	0	2	1	0	0	0	0	3	0
OTU1250	0	0	0	0	0	0	0	0	0	0	1	0
OTU400	5	8	6	7	0	0	6	13	2	12	0	0
OTU523	1	2	3	6	0	0	2	1	1	0	0	0
OTU319	4	11	8	11	0	0	19	8	11	6	0	0
OTU622	1	3	3	0	5	6	1	3	1	6	1	5
OTU1820	0	1	1	0	0	0	1	0	0	0	0	1
OTU1686	0	0	0	0	0	0	0	0	0	0	1	0
OTU458	2	2	5	7	10	4	2	7	2	1	1	3
OTU727	3	0	0	0	1	2	0	0	1	0	0	0
OTU156	2	0	29	0	49	0	0	0	0	0	0	0
OTU20	28	10	80	0	26	5	0	5	8	0	1	0
OTU591	2	3	7	2	0	0	7	1	1	4	0	0
OTU1977	4	3	1	3	0	1	2	5	8	3	1	0
OTU2147	6	3	8	2	8	4	1	0	1	0	1	2
OTU165	19	20	31	21	44	20	11	9	8	13	7	20
OTU1552	3	0	0	0	0	0	0	0	0	0	0	0
OTU333	9	14	26	30	33	16	10	25	17	17	4	11
OTU1334	0	0	0	0	0	0	0	1	0	0	0	0
OTU746	0	3	1	5	1	0	5	2	0	4	0	0
OTU1645	0	1	2	0	0	0	0	1	0	0	4	3
OTU544	0	0	2	2	3	6	0	0	0	1	3	7
OTU425	0	1	0	0	1	0	0	1	0	1	3	2
OTU237	6	4	6	6	1	4	12	16	6	12	3	1
OTU229	3	5	12	9	4	2	3	2	7	9	0	1
OTU1216	0	0	0	1	1	6	0	1	1	0	12	6
OTU1992	0	2	0	0	0	0	3	0	0	2	0	0
OTU895	0	0	0	2	1	1	0	0	0	0	0	2
OTU384	3	6	3	8	3	7	3	8	8	5	11	13
OTU1685	6	4	1	1	0	2	3	0	0	2	4	4
OTU1246	4	4	3	4	0	0	2	0	0	6	0	0
OTU159	27	28	10	24	11	31	22	22	9	19	39	33
OTU2059	0	0	0	0	0	0	0	0	0	0	0	2
OTU1991	9	7	1	1	3	8	9	2	0	3	3	2
OTU773	1	1	2	2	1	1	3	3	1	2	4	3
OTU961	0	0	0	2	0	0	0	0	0	0	0	0
OTU431	0	2	0	0	0	0	3	1	0	1	0	0
OTU284	6	6	2	9	1	3	1	3	3	5	2	0
OTU589	4	5	1	13	8	22	5	7	0	2	14	11
OTU804	0	0	0	0	2	2	0	0	0	0	1	4
OTU1810	2	1	2	0	0	0	0	2	1	0	0	1
OTU204	6	6	6	10	4	8	3	9	4	8	11	5
OTU1681	0	3	0	5	2	3	4	3	0	4	2	1
OTU857	1	3	2	3	1	4	2	3	2	2	5	3
OTU559	10	8	2	4	6	3	7	11	13	6	18	5
OTU1752	0	0	0	0	0	0	1	2	0	0	0	0
OTU1677	0	1	0	1	0	0	0	0	0	0	0	0
OTU2098	0	0	0	0	0	0	1	0	0	0	0	0
OTU1603	0	0	0	1	0	0	0	0	0	0	0	0
OTU1514	1	0	0	0	0	0	0	0	0	0	0	0
OTU1104	0	0	1	0	0	0	0	0	0	0	0	1
OTU500	12	12	14	11	4	10	13	4	10	12	6	8
OTU133	11	12	19	10	5	4	3	8	1	6	1	4
OTU687	0	0	0	0	0	0	1	0	0	0	0	0
OTU187	3	2	3	0	0	0	3	3	4	0	3	0
OTU301	6	5	0	5	1	1	6	3	4	3	0	3
OTU826	1	5	7	3	3	2	2	4	3	2	1	0
OTU205	2	2	6	4	5	1	3	0	1	4	0	3
OTU68	7	11	13	8	19	14	5	4	14	2	5	4
OTU753	7	2	1	3	2	0	5	1	1	0	1	0
OTU390	3	1	1	1	7	2	1	2	6	0	0	8
OTU21	5	1	13	0	62	0	6	4	35	0	0	1
OTU1179	0	0	0	1	4	2	6	1	0	0	1	2
OTU651	1	0	0	0	2	4	0	1	0	0	0	2
OTU634	2	4	1	1	0	3	1	5	0	2	2	0
OTU946	6	4	3	8	0	1	9	13	5	9	2	4
OTU1787	0	2	0	8	1	1	2	3	1	1	2	3
OTU2118	0	0	0	0	0	0	0	1	0	4	0	0
OTU1016	0	0	0	2	2	0	2	0	0	3	0	0
OTU105	14	35	27	19	9	10	39	17	29	30	3	5
OTU140	1	5	19	4	2	3	8	4	4	7	2	0
OTU122	5	11	4	9	0	0	11	11	16	17	0	0
OTU476	2	2	1	1	0	0	4	4	1	2	0	0
OTU1729	1	1	0	1	2	1	0	2	2	1	4	1
OTU1266	0	0	0	0	0	0	0	0	3	0	0	0
OTU835	2	2	0	3	0	0	2	1	2	4	1	1
OTU1269	2	0	0	0	0	0	2	0	0	2	0	0
OTU186	8	4	11	3	3	6	5	5	7	1	13	5
OTU233	17	18	6	10	0	7	16	11	7	16	4	4
OTU842	0	0	0	0	1	2	0	0	2	1	1	0
OTU158	5	4	4	14	3	19	0	1	1	4	13	6
OTU117	3	4	0	7	1	3	1	1	3	0	2	0
OTU119	0	6	2	0	0	1	1	1	5	4	0	0
OTU1682	0	0	0	1	0	3	0	0	0	0	0	0
OTU548	1	1	0	1	1	0	0	1	0	1	6	1
OTU790	3	1	2	0	1	0	0	0	0	0	2	4
OTU1935	5	6	3	3	1	6	2	1	8	5	0	7
OTU176	2	2	3	0	0	0	2	1	3	2	1	3
OTU567	1	3	1	0	1	0	3	1	0	0	0	2
OTU1946	0	0	0	0	0	0	0	0	1	0	1	0
OTU1379	1	2	2	0	0	0	0	0	0	0	0	0
OTU728	0	3	2	1	1	0	0	1	0	0	1	0
OTU293	9	11	5	6	1	4	8	4	3	16	2	1
OTU719	4	2	0	2	0	0	3	1	0	1	1	0
OTU113	0	0	1	0	3	0	3	0	2	0	0	2
OTU767	2	0	0	1	0	0	1	1	0	0	0	0
OTU443	2	1	0	3	0	1	0	1	2	2	0	0
OTU1924	1	3	2	10	0	2	0	6	2	1	0	0
OTU1285	2	0	0	0	0	0	0	1	3	0	1	5
OTU311	5	3	2	3	3	4	3	1	4	5	5	8
OTU2185	1	1	0	1	1	0	0	1	0	1	0	0
OTU732	3	3	0	2	0	0	3	1	8	6	1	0
OTU606	3	3	1	5	1	8	2	2	2	4	7	7
OTU1761	0	0	1	0	0	1	0	2	0	1	0	0
OTU430	3	2	2	4	1	0	4	2	5	2	1	0
OTU493	0	2	0	3	0	0	4	1	7	3	0	0
OTU2105	2	3	0	1	0	0	1	1	0	3	0	0
OTU1084	2	1	0	1	0	0	1	2	0	1	0	0
OTU1011	4	0	1	1	0	0	2	1	0	0	0	0
OTU1366	1	2	2	1	1	4	1	1	0	4	1	1
OTU575	0	0	6	3	0	1	4	0	0	0	1	3
OTU952	0	0	0	0	0	0	0	1	0	0	0	0
OTU1217	0	0	0	0	0	0	0	0	0	0	2	2
OTU1796	1	0	0	2	2	0	2	0	7	0	5	0
OTU1353	1	0	0	0	1	6	0	0	0	0	9	4
OTU375	1	0	1	5	2	13	0	5	0	0	25	30
OTU1188	1	0	0	1	0	0	3	1	0	0	0	0
OTU1931	0	0	0	0	1	0	0	0	0	0	0	0
OTU984	1	2	3	0	0	0	1	2	0	3	0	0
OTU107	32	16	18	22	26	40	21	25	32	25	38	46
OTU267	4	3	3	1	0	1	5	6	5	5	8	1
OTU1929	0	3	0	3	0	1	4	2	0	1	4	6
OTU527	0	0	0	0	0	0	0	0	2	0	1	0
OTU71	17	25	16	21	7	16	19	20	35	15	23	23
OTU51	2	3	5	2	10	0	4	7	29	1	2	2
OTU1776	0	0	0	3	0	0	0	0	0	0	0	0
OTU121	2	0	0	0	4	0	0	0	0	2	0	1
OTU1584	0	0	0	0	0	0	0	0	2	0	0	0
OTU1186	1	0	0	0	0	0	1	0	0	2	5	4
OTU747	0	0	1	1	0	1	1	0	0	0	0	0
OTU1653	0	2	0	0	0	0	0	0	1	0	0	0
OTU378	0	0	0	0	0	0	1	0	0	0	0	0
OTU976	0	0	0	0	0	7	0	0	0	0	0	0
OTU102	9	2	1	9	7	18	7	11	10	2	26	23
OTU306	2	4	0	2	2	2	3	0	3	0	2	3
OTU383	2	9	1	12	0	4	10	3	7	4	2	4
OTU676	0	1	0	0	1	1	0	0	0	0	0	0
OTU338	5	4	1	1	7	4	5	10	4	8	15	9
OTU1243	0	0	0	0	0	0	2	0	0	0	0	7
OTU178	7	8	3	12	3	16	9	9	7	14	15	15
OTU312	6	4	1	9	4	5	5	7	18	3	12	10
OTU23	81	82	36	91	18	72	61	81	59	86	55	61
OTU1370	0	1	0	0	2	0	0	0	0	0	12	12
OTU120	1	6	5	7	4	18	1	0	0	1	15	14
OTU1010	0	3	2	5	0	1	0	1	0	4	1	0
OTU1221	0	2	1	0	0	4	1	1	0	4	0	3
OTU593	2	3	1	5	0	0	6	3	0	3	0	0
OTU172	2	5	2	5	5	8	6	7	9	6	3	4
OTU740	0	1	0	0	1	0	0	2	0	3	0	4
OTU227	23	29	15	25	11	49	28	31	16	8	34	46
OTU701	0	3	0	0	2	1	0	1	1	1	11	18
OTU35	74	78	39	79	12	38	63	90	65	88	32	36
OTU726	1	3	6	1	3	1	2	4	3	5	1	3
OTU1196	0	0	3	0	0	0	0	0	0	0	0	0
OTU1232	0	3	1	1	0	0	2	0	0	1	2	1
OTU240	15	17	9	10	3	6	14	4	2	9	0	12
OTU162	2	0	2	0	2	1	0	0	0	1	2	1
OTU16	144	167	118	143	74	119	139	118	98	188	119	88
OTU1522	0	0	2	0	2	0	2	1	4	2	0	1
OTU244	5	5	8	2	6	9	3	0	4	2	7	17
OTU1892	1	1	0	0	0	0	0	0	6	0	0	0
OTU67	11	13	8	13	13	43	5	11	14	10	37	33
OTU2041	0	0	0	0	2	6	0	1	0	0	5	9
OTU225	9	9	3	9	4	6	5	5	6	14	2	6
OTU714	8	2	2	5	1	2	6	5	8	4	0	0
OTU1456	3	2	1	7	3	12	1	6	3	2	5	4
OTU142	15	5	4	8	18	28	2	8	2	2	30	43
OTU1230	1	0	0	0	0	1	0	0	0	0	0	3
OTU1027	1	1	0	0	2	1	0	1	2	0	3	1
OTU285	6	1	2	2	1	0	2	2	6	0	3	4
OTU964	3	0	3	0	0	0	1	0	0	1	0	0
OTU24	3	2	2	0	36	1	4	1	6	1	1	4
OTU277	1	2	3	1	5	0	1	0	1	0	0	0
OTU179	7	5	1	6	3	9	6	10	5	7	8	18
OTU758	1	2	0	0	0	0	1	1	0	1	0	0
OTU521	3	4	1	0	1	0	4	3	2	1	2	0
OTU821	1	1	1	0	0	1	2	1	1	3	0	4
OTU145	5	2	0	1	1	1	2	0	2	1	8	9
OTU1410	0	1	2	1	0	0	0	0	0	1	0	0
OTU669	0	0	0	0	0	1	4	0	0	0	6	3
OTU231	0	2	0	4	0	0	13	9	4	5	0	0
OTU2015	0	1	0	0	0	0	2	1	0	0	0	1
OTU268	2	2	2	2	0	0	2	5	7	3	3	5
OTU100	25	20	29	21	32	53	26	25	34	18	43	45
OTU12	7	0	0	0	72	7	2	0	0	0	1	1
OTU4	17	6	53	1	50	5	17	7	70	1	2	6
OTU1038	1	0	0	0	0	0	0	0	0	0	0	0
OTU37	24	7	11	5	13	12	14	8	13	7	8	9
OTU251	0	0	0	0	0	1	1	0	0	0	1	2
OTU1184	1	0	12	0	3	0	0	1	13	1	0	0
OTU1425	0	0	0	0	1	0	1	0	0	0	0	0
OTU17	0	0	7	0	5	0	1	0	6	0	0	0
OTU149	15	12	14	5	6	6	14	6	11	9	9	6
OTU1341	0	0	0	0	0	0	0	0	0	0	1	1
OTU1972	0	0	0	0	0	0	1	0	0	0	0	0
OTU31	23	34	69	26	45	18	31	28	40	28	13	19
OTU2046	0	0	0	0	0	0	1	0	0	0	0	0
OTU1615	0	0	28	0	25	0	3	1	8	0	2	0
OTU3	23	11	540	14	262	6	46	10	132	12	15	8
OTU1545	0	0	4	6	11	0	1	1	0	5	0	0
OTU419	5	2	6	14	25	14	0	1	3	0	4	3
OTU428	1	3	6	0	0	0	0	0	0	1	0	0
OTU77	3	2	13	2	18	2	1	1	2	2	1	2
OTU1141	0	0	0	0	0	0	1	0	0	0	0	1
OTU439	3	4	3	12	3	6	2	5	7	9	0	3
OTU571	9	11	10	25	10	14	8	13	3	12	0	1
OTU1890	0	0	4	0	0	0	1	1	0	0	0	0
OTU34	37	70	186	216	111	64	33	80	42	84	18	35
OTU220	20	14	21	30	29	31	47	33	46	28	47	42
OTU57	7	5	17	15	23	17	11	2	15	7	2	7
OTU628	0	0	0	0	0	1	0	0	0	0	5	0
OTU2032	2	1	3	3	0	0	0	1	3	1	0	0
OTU58	10	3	10	0	16	9	4	1	4	0	6	2
OTU128	0	0	0	1	2	0	0	0	0	0	0	0
OTU48	10	13	43	21	17	9	11	20	20	10	1	8
OTU222	7	7	29	13	27	30	10	11	5	6	8	18
OTU1607	1	1	1	0	1	7	0	2	3	0	4	4
OTU1724	1	3	0	3	0	0	0	0	0	2	0	0
OTU103	0	0	5	0	4	0	2	3	4	0	0	0
OTU1544	0	0	0	2	0	0	0	0	0	0	0	0
OTU1350	0	0	0	0	0	1	0	0	0	0	0	0
OTU1599	0	0	0	0	0	1	0	0	0	0	0	2
OTU831	1	0	0	0	0	0	0	0	0	0	0	0
OTU2074	0	0	0	0	0	1	1	0	0	0	0	0
OTU596	0	0	0	0	0	0	0	0	2	1	0	0
OTU2075	0	0	0	0	1	0	0	0	0	0	0	0
OTU1446	0	0	0	0	0	0	0	0	1	0	0	1
OTU2042	0	0	0	0	0	1	0	0	0	0	1	0
OTU1949	0	0	0	0	0	1	1	0	2	0	0	0
OTU1626	0	1	0	0	0	0	0	0	0	0	0	0
OTU923	0	0	0	0	0	0	1	0	0	1	0	0
OTU604	4	0	1	0	0	0	0	0	0	0	0	2
OTU1346	0	0	1	0	0	0	0	0	0	0	0	0
OTU756	0	0	2	0	0	0	0	0	0	0	0	0
OTU920	1	0	0	0	1	0	0	0	0	0	0	0
OTU1388	0	0	0	0	0	0	0	0	0	0	0	1
OTU1669	0	2	0	0	0	1	0	0	0	0	0	0
OTU1865	0	4	1	4	0	0	0	1	0	3	2	1
OTU1233	0	1	0	0	0	0	0	0	3	0	0	0
OTU1381	0	0	0	1	0	0	1	2	0	0	0	0
OTU1383	0	0	0	5	0	2	0	2	0	1	1	1
OTU1185	2	0	0	0	0	0	0	0	0	0	0	0
OTU1015	0	0	0	0	0	0	0	0	0	1	0	0
OTU1407	0	0	0	0	1	0	0	0	0	0	0	0
OTU1478	0	0	0	0	0	0	0	0	0	0	2	0
OTU1382	0	0	1	0	0	0	0	0	0	0	1	0
OTU1784	0	0	0	0	0	0	0	0	0	0	1	0
OTU1231	1	0	0	0	0	0	0	0	0	0	0	1
OTU1900	1	2	0	0	1	1	2	0	1	0	3	0
OTU2190	1	0	1	2	0	0	0	0	0	0	0	0
OTU1523	0	0	0	0	0	0	1	0	0	0	0	0
OTU1099	0	0	0	3	0	0	0	0	0	0	0	0
OTU1520	1	2	0	0	0	0	1	0	0	1	0	0
OTU1976	2	1	1	0	0	0	1	1	0	1	0	2
OTU1831	1	0	0	0	0	0	1	0	0	0	0	0
OTU1702	1	2	1	0	0	0	4	1	0	0	0	2
OTU865	0	1	0	2	0	1	0	0	1	1	0	1
OTU2187	0	2	0	0	0	0	2	0	0	0	0	0
OTU558	8	14	2	6	3	7	7	11	3	7	2	15
OTU1039	0	0	0	0	0	0	1	0	0	0	1	3
OTU823	0	1	0	2	0	0	1	2	1	5	0	4
OTU1546	0	1	0	0	2	5	2	2	0	0	0	2
OTU2158	1	1	0	2	0	0	2	1	2	3	0	0
OTU2016	0	0	0	0	0	0	3	0	0	0	0	0
OTU1830	0	0	0	0	0	0	0	2	0	0	0	2
OTU590	3	5	0	4	2	1	8	3	3	1	5	1
OTU1022	2	2	0	0	0	0	3	2	0	5	0	1
OTU504	0	2	2	0	0	2	1	2	2	0	1	0
OTU1377	1	3	0	1	0	2	4	1	0	1	0	0
OTU794	2	0	0	0	1	0	2	2	0	0	2	0
OTU1996	0	1	0	0	0	0	0	0	0	0	1	0
OTU1442	0	6	1	1	0	0	2	1	0	1	0	0
OTU453	1	0	0	0	0	0	0	1	0	0	3	2
OTU2143	2	0	0	1	0	3	1	0	0	0	0	0
OTU1338	0	0	0	1	0	0	0	0	2	0	0	0
OTU2081	1	1	0	0	0	1	0	0	0	1	1	1
OTU2162	0	1	0	1	0	0	2	2	0	1	0	0
OTU1750	0	1	0	0	0	1	1	0	2	1	0	0
OTU1440	0	0	0	0	0	0	0	0	0	0	6	3
OTU1530	0	0	0	1	0	0	1	0	0	0	0	0
OTU1512	0	0	0	0	1	0	0	0	0	0	0	0
OTU1680	0	0	0	0	0	0	0	0	0	0	0	3
OTU1006	0	0	0	0	0	1	0	0	0	0	0	1
OTU69	0	0	3	0	0	0	0	0	3	0	0	0
OTU1455	0	1	0	0	1	0	0	0	0	0	1	1
OTU2021	0	0	0	0	1	4	0	0	0	0	0	0
OTU41	0	0	0	0	0	2	1	0	0	0	5	0
OTU2148	0	2	0	0	0	0	0	0	0	0	0	0
OTU796	1	1	0	0	1	1	1	1	0	0	0	0
OTU1348	0	0	0	0	0	0	0	0	0	1	0	0
OTU764	3	1	1	2	0	0	8	2	0	6	1	5
OTU611	0	1	1	0	0	3	0	0	1	0	2	2
OTU757	1	0	0	1	2	1	1	0	0	1	3	3
OTU2134	0	0	0	0	0	0	0	0	0	0	0	1
OTU1474	1	0	0	1	0	0	1	1	0	0	0	0
OTU1670	1	0	0	0	0	0	0	1	0	0	0	2
OTU1822	0	0	0	4	0	0	2	3	1	4	1	0
OTU1708	2	0	0	0	1	0	0	3	3	3	1	0
OTU1492	1	1	0	0	0	0	4	0	1	0	0	2
OTU938	5	0	0	0	0	2	3	1	3	0	4	3
OTU599	6	9	1	2	3	8	4	0	0	1	2	0
OTU2048	1	0	0	0	0	0	0	0	0	0	3	0
OTU1583	1	0	0	0	0	0	0	0	0	0	3	0
OTU762	3	1	0	1	0	4	1	3	2	0	4	2
OTU336	4	10	0	6	0	1	10	4	6	7	15	14
OTU1843	0	0	0	0	2	0	0	0	0	0	0	0
OTU1291	0	3	0	0	0	0	0	1	0	0	1	1
OTU496	2	5	0	2	2	5	3	5	3	3	1	0
OTU1801	3	0	1	0	1	5	0	1	0	2	1	0
OTU1067	0	0	0	0	0	0	0	1	0	0	0	0
OTU1738	0	0	0	0	0	0	1	0	0	0	1	0
OTU1347	0	2	0	1	0	0	0	0	0	0	0	0
OTU2149	0	0	0	0	0	0	1	0	3	0	3	5
OTU2044	0	2	0	1	0	0	0	0	0	0	0	1
OTU1688	1	2	0	0	0	0	0	2	0	3	0	0
OTU1541	1	0	1	1	0	0	0	0	0	0	0	0
OTU780	0	0	1	0	0	0	0	0	0	0	0	0
OTU1886	0	2	1	0	0	0	0	0	0	0	2	0
OTU1479	4	4	0	2	2	2	3	5	0	6	8	2
OTU460	0	0	2	0	5	0	0	0	0	0	0	0
OTU973	1	1	3	0	0	0	4	2	0	2	0	0
OTU935	0	0	4	2	0	0	0	0	3	0	0	0
OTU2117	0	2	0	0	0	0	0	0	0	0	0	0
OTU1901	4	2	1	2	0	0	1	1	0	2	0	0
OTU2099	1	2	0	0	0	0	1	0	0	0	2	0
OTU475	5	3	0	3	2	2	1	1	2	0	4	1
OTU1160	1	2	0	0	0	0	0	0	2	1	0	0
OTU918	0	0	0	3	1	4	0	0	0	0	4	6
OTU1060	0	1	0	3	0	2	0	0	0	1	2	0
OTU1795	1	1	1	7	0	3	0	1	2	0	3	3
OTU882	0	0	0	1	0	1	0	1	0	0	0	0
OTU2225	0	0	0	0	0	1	0	0	0	0	2	1
OTU2027	0	0	0	1	0	0	0	2	0	0	0	0
OTU1056	0	0	0	0	1	0	6	1	1	0	0	0
OTU1288	2	1	1	0	0	0	1	0	0	3	0	1
OTU1891	0	0	0	0	0	0	0	0	1	0	0	0
OTU820	0	2	0	0	0	0	0	1	1	3	1	2
OTU411	5	7	1	1	1	4	2	2	1	7	2	2
OTU1964	1	0	0	0	0	0	0	0	0	0	0	0
OTU1524	1	0	0	0	0	2	0	0	0	0	1	1
OTU2005	2	0	1	2	0	3	2	1	0	2	0	0
OTU956	1	0	2	4	1	1	1	3	0	2	2	1
OTU1797	0	0	0	0	0	0	0	1	0	0	0	0
OTU1419	0	0	0	1	0	0	1	0	0	1	0	0
OTU2196	1	1	0	0	0	1	0	0	0	0	0	0
OTU2037	0	0	0	1	0	0	0	0	0	1	0	0
OTU2218	0	0	3	4	2	3	5	4	3	5	1	4
OTU1863	1	1	0	0	0	0	1	0	2	6	0	0
OTU1604	1	0	0	3	0	3	0	1	0	0	0	0
OTU982	0	1	1	1	1	2	1	1	1	0	0	4
OTU1413	1	2	0	1	1	5	3	2	0	2	4	0
OTU1229	0	1	1	1	1	3	0	0	0	0	2	5
OTU339	6	14	8	19	5	14	6	7	4	17	5	7
OTU1035	6	9	6	17	5	10	3	8	4	7	6	7
OTU347	3	0	0	0	0	0	0	0	0	0	0	0
OTU581	0	0	0	0	0	0	0	0	3	0	0	0
OTU361	4	4	1	6	0	0	13	17	3	10	0	0
OTU1889	0	0	2	0	0	0	0	0	0	0	0	0
OTU1426	1	3	1	3	0	4	1	0	1	2	4	1
OTU1763	1	1	0	1	0	0	0	0	0	0	0	0
OTU1181	1	0	0	0	1	0	0	0	0	2	0	0
OTU885	2	9	0	3	0	10	0	3	1	3	0	3
OTU46	184	224	68	106	15	172	79	115	89	185	76	66
OTU248	5	5	1	3	0	8	3	4	3	3	3	4
OTU206	17	31	7	13	6	18	12	14	6	19	11	15
OTU1561	6	2	3	1	2	5	1	6	13	6	1	2
OTU449	9	3	2	2	0	2	1	3	2	1	1	1
OTU19	11	2	0	0	1	1	24	7	0	13	3	5
OTU74	20	18	6	19	28	17	8	16	5	17	22	13
OTU520	4	0	3	5	65	6	0	5	0	5	1	6
OTU1791	0	2	0	0	0	0	2	1	2	2	9	1
OTU1405	2	9	1	0	1	2	0	2	1	2	1	1
OTU1987	0	0	1	0	1	0	0	0	3	0	0	0
OTU177	1	0	0	0	1	0	0	0	0	0	0	0
OTU610	2	4	0	0	0	0	0	3	0	4	0	0
OTU1079	3	1	1	3	2	3	0	1	1	1	2	8
OTU2213	1	4	1	1	1	0	1	3	7	5	0	1
OTU1297	0	1	0	1	0	0	1	1	0	0	1	0
OTU1739	0	1	0	0	0	0	0	0	0	0	0	0
OTU2199	0	0	0	0	0	0	0	0	0	0	1	0
OTU665	2	2	0	1	0	3	1	1	3	3	1	0
OTU605	5	2	1	1	0	2	0	0	0	3	1	0
OTU1968	0	0	0	0	0	3	0	0	0	0	0	0
OTU1664	0	0	0	0	0	2	0	0	0	0	0	0
OTU1163	0	0	0	0	0	0	0	0	0	0	1	0
OTU531	2	4	0	0	0	0	1	0	0	0	0	2
OTU705	2	0	0	0	0	0	0	1	0	0	0	0
OTU1543	2	0	0	0	0	0	0	0	0	0	0	0
OTU2045	0	0	0	0	0	0	0	0	0	1	0	0
OTU1401	0	0	0	0	0	0	0	0	0	0	0	1
OTU1714	0	0	2	3	1	0	1	0	0	2	0	0
OTU2073	0	0	0	1	0	0	0	0	0	0	0	1
OTU1042	0	0	0	0	0	0	0	0	0	4	0	0
OTU1956	0	0	0	1	0	0	0	0	0	0	0	0
OTU307	5	3	1	4	2	3	2	8	0	8	1	6
OTU1834	0	1	0	0	0	0	1	0	0	0	0	0
OTU1716	2	0	2	2	3	2	3	0	4	3	3	1
OTU1973	0	1	0	1	0	0	2	3	0	1	0	0
OTU1774	0	1	0	0	0	1	0	0	0	0	0	0
OTU1144	1	0	0	0	0	0	2	0	0	0	0	0
OTU1241	0	0	0	0	0	0	0	1	0	1	0	0
OTU917	1	1	4	0	0	0	1	2	0	1	0	2
OTU1265	0	0	1	0	0	0	0	3	0	0	0	0
OTU1897	1	0	0	0	0	0	0	1	0	0	0	0
OTU1933	0	0	0	1	0	0	0	0	0	0	0	0
OTU1793	4	1	5	0	1	0	4	0	0	2	1	0
OTU1576	0	0	0	0	0	0	0	0	0	0	1	0
OTU1378	1	1	0	1	0	0	1	1	0	0	0	1
OTU2203	1	4	0	1	0	0	1	0	1	1	1	1
OTU779	0	0	0	0	0	0	2	0	0	1	0	0
OTU2232	0	2	3	0	0	0	2	2	0	0	0	0
OTU371	0	1	0	2	3	3	3	2	4	3	4	4
OTU193	8	12	4	15	6	23	12	15	19	8	8	12
OTU1081	0	0	0	0	0	0	0	0	0	0	1	1
OTU737	5	5	5	2	1	2	14	13	5	9	0	1
OTU1928	0	3	1	2	3	1	1	2	3	0	7	5
OTU807	5	2	2	4	1	3	6	1	2	0	2	0
OTU2227	0	0	0	0	0	1	0	2	0	0	0	0
OTU513	2	2	0	4	2	3	4	5	1	2	1	2
OTU452	0	1	1	2	2	6	0	0	0	0	12	7
OTU953	3	2	1	0	2	6	1	1	0	2	3	1
OTU2160	0	0	0	0	0	0	1	4	0	0	0	0
OTU681	0	0	0	0	0	1	0	0	0	1	0	0
OTU1757	0	0	0	0	0	0	0	0	6	0	0	0
OTU620	1	4	1	5	3	5	2	6	7	1	5	11
OTU2135	0	0	0	2	0	0	0	0	0	1	0	0
OTU1372	0	0	0	1	1	0	0	1	0	0	2	1
OTU1509	1	0	0	2	1	2	3	0	0	4	2	3
OTU471	1	0	0	1	1	1	0	4	0	6	6	5
OTU1661	0	1	0	2	0	1	0	1	1	0	0	0
OTU846	1	0	0	0	0	3	0	0	0	0	7	13
OTU407	5	9	3	9	5	11	5	14	2	30	4	6
OTU893	0	0	1	0	1	0	0	1	0	0	0	1
OTU1098	0	0	1	0	1	0	0	1	0	0	0	0
OTU2207	0	6	2	17	0	10	5	8	9	3	5	9
OTU316	1	2	1	6	0	3	2	5	2	3	0	0
OTU218	5	2	0	7	9	10	1	3	0	3	18	10
OTU127	6	20	4	20	8	8	25	30	8	25	17	18
OTU322	0	0	0	0	3	10	0	0	0	0	22	16
OTU524	2	1	0	5	0	4	3	5	2	0	4	3
OTU123	17	12	9	16	6	15	21	19	11	13	15	17
OTU1310	4	8	2	3	4	4	3	9	3	2	4	7
OTU1294	0	0	0	2	0	2	0	0	0	0	3	5
OTU661	2	1	1	0	1	3	8	1	0	2	0	2
OTU717	0	2	1	1	3	8	1	2	2	0	9	7
OTU1709	0	0	0	0	0	0	0	0	0	0	4	1
OTU916	0	0	0	1	2	3	0	1	0	1	2	0
OTU1687	1	0	0	0	0	1	1	0	0	0	0	0
OTU1874	3	3	0	0	0	0	2	1	2	1	0	0
OTU96	37	37	21	15	16	22	30	29	28	25	25	30
OTU1638	3	5	0	2	0	0	3	4	0	5	0	0
OTU542	40	48	17	27	24	70	49	59	36	45	95	86
OTU368	8	25	5	10	11	14	19	25	10	19	21	12
OTU1068	3	1	1	1	1	2	3	3	0	0	2	2
OTU27	86	105	43	87	34	66	109	105	87	98	109	121
OTU1542	0	0	0	0	0	0	0	0	0	0	0	2
OTU1302	1	1	0	0	1	2	1	0	0	1	4	0
OTU1866	0	0	0	0	0	0	0	0	0	0	5	2
OTU876	1	0	0	1	0	0	1	0	6	1	0	0
OTU507	2	4	0	6	0	2	3	0	0	3	6	2
OTU1721	0	0	0	0	0	0	0	0	0	1	5	0
OTU1741	1	4	0	0	1	1	0	1	0	0	0	0
OTU1210	0	0	0	0	0	0	0	0	0	3	0	0
OTU1349	1	1	0	1	0	0	1	2	4	2	1	1
OTU939	0	1	0	0	0	0	0	4	0	1	0	1
OTU994	0	0	0	0	0	0	7	0	0	1	2	0
OTU1362	0	0	0	0	0	1	0	0	0	0	1	2
OTU2101	0	0	0	0	0	5	0	0	0	0	1	2
OTU1913	1	0	4	2	0	0	0	0	0	3	2	3
OTU698	1	0	0	2	0	0	0	0	0	0	0	1
OTU1835	0	0	0	1	0	0	0	0	0	0	2	0
OTU1671	1	2	0	0	1	0	0	0	0	0	0	0
OTU540	0	0	0	0	0	3	0	0	0	0	1	1
OTU1585	1	0	0	0	0	0	0	1	0	0	0	0
OTU1180	0	0	0	0	0	0	0	0	3	3	0	0
OTU1275	0	0	0	0	0	0	0	1	0	0	0	0
OTU1575	0	0	0	0	0	0	0	0	0	1	1	0
OTU580	2	1	0	1	1	0	3	1	0	0	1	0
OTU827	0	0	0	0	0	0	1	0	0	0	0	1
OTU1617	0	0	0	1	0	0	0	0	3	0	2	2
OTU1053	1	2	1	1	0	5	0	1	1	2	7	1
OTU1936	1	0	0	0	0	2	1	1	0	0	0	2
OTU1303	0	0	0	0	0	6	0	1	1	0	1	0
OTU615	4	4	2	5	0	3	6	4	3	9	6	8
OTU1515	0	0	0	0	0	0	0	0	0	0	0	2
OTU1204	0	0	0	3	0	0	0	0	0	0	0	0
OTU839	0	0	0	0	0	0	1	0	0	0	0	0
OTU491	0	0	0	3	0	0	0	0	0	0	2	0
OTU1768	0	0	1	0	2	0	0	1	0	0	0	1
OTU980	2	1	1	1	0	0	0	1	0	4	2	6
OTU1468	0	2	0	0	1	0	0	1	1	0	1	0
OTU1282	0	0	0	1	0	1	0	0	0	0	0	0
OTU2103	1	0	0	2	0	0	2	1	0	0	0	0
OTU833	3	2	1	5	0	3	0	2	0	4	0	0
OTU2049	1	0	0	0	0	0	0	0	0	0	0	0
OTU1560	1	0	0	0	2	3	0	0	0	0	0	0
OTU1490	1	1	1	1	0	0	1	0	0	0	1	0
OTU986	1	3	0	1	0	0	2	3	0	0	1	0
OTU1504	1	4	1	1	0	0	2	0	2	2	0	0
OTU1595	2	6	6	4	0	0	2	1	1	7	0	3
OTU642	2	1	0	3	0	0	4	4	0	3	0	0
OTU137	36	39	27	39	8	7	55	29	32	58	3	6
OTU462	10	21	14	9	1	8	14	17	10	24	12	8
OTU614	3	2	0	1	0	0	4	2	5	8	0	0
OTU670	3	5	1	9	0	2	3	10	0	7	0	1
OTU144	16	16	13	23	1	7	23	17	8	18	8	9
OTU245	4	6	4	2	0	0	1	2	2	2	0	0
OTU1571	0	1	2	0	0	0	0	0	0	0	0	0
OTU1001	1	0	1	0	0	0	0	0	0	0	0	2
OTU479	0	0	1	0	0	0	0	0	0	1	0	0
OTU1652	0	0	0	1	0	0	0	0	0	0	0	0
OTU426	2	2	2	3	0	1	0	1	2	2	0	0
OTU1899	2	0	2	2	3	3	3	0	0	2	0	3
OTU1533	0	0	0	2	0	1	1	1	0	0	0	0
OTU561	2	1	1	1	0	0	1	1	0	0	0	0
OTU170	9	2	7	0	1	11	2	0	3	0	10	11
OTU1441	0	0	0	0	0	0	0	0	0	0	0	1
OTU1799	1	0	0	0	0	2	0	0	0	0	0	1
OTU1718	0	0	0	0	0	2	0	0	0	0	2	5
OTU870	0	0	0	2	0	0	0	1	0	0	0	0
OTU481	0	2	2	0	0	0	2	0	0	1	1	0
OTU2181	1	2	0	1	0	3	0	0	2	2	0	0
OTU1930	0	0	0	1	0	2	0	0	0	0	0	1
OTU79	5	13	7	28	3	9	17	20	15	22	5	8
OTU84	12	15	5	9	0	1	24	26	10	20	0	0
OTU733	3	10	4	10	1	0	12	12	8	8	0	4
OTU1558	2	2	3	2	0	0	5	4	2	7	0	2
OTU1704	0	0	0	2	0	1	2	2	0	0	0	0
OTU345	2	4	2	1	0	0	0	0	0	7	0	0
OTU1516	0	0	1	1	0	0	0	1	0	1	0	0
OTU434	8	9	3	5	6	12	7	5	6	6	6	9
OTU1846	1	0	0	0	1	0	0	0	0	0	3	4
OTU309	2	1	4	3	2	0	1	0	0	4	0	0
OTU1940	0	0	0	0	0	0	2	0	0	0	0	0
OTU943	0	2	0	1	0	2	0	0	2	0	0	0
OTU643	0	0	0	0	0	0	0	0	0	1	0	0
OTU216	1	1	0	1	1	0	4	2	0	1	0	1
OTU1078	0	1	0	1	1	6	2	2	0	3	5	9
OTU1305	0	2	0	0	0	0	0	1	5	0	0	0
OTU795	4	5	1	2	0	2	7	4	2	2	0	1
OTU1698	0	0	0	0	0	0	3	0	0	0	0	0
OTU1654	0	0	0	0	0	0	0	0	0	1	0	0
OTU2014	0	1	0	1	0	0	0	0	0	0	0	0
OTU2173	0	1	1	0	0	0	0	0	0	0	0	0
OTU1648	0	1	0	2	0	0	0	0	2	2	0	0
OTU793	0	4	1	0	1	2	1	1	0	2	0	0
OTU2163	0	0	0	0	0	0	0	2	0	0	0	0
OTU2189	0	0	0	0	0	0	0	1	0	0	0	0
OTU2110	0	0	0	0	0	0	0	0	0	0	1	0
OTU1129	0	0	1	0	0	0	0	0	0	0	0	0
OTU1295	0	0	0	0	2	0	0	0	0	0	0	0
OTU1077	0	0	0	0	0	0	0	0	0	0	0	1
OTU2121	0	1	1	0	0	0	0	0	0	0	0	0
OTU143	0	0	1	0	0	0	1	1	0	0	0	0
OTU114	5	0	15	1	3	0	0	0	11	1	0	0
OTU974	0	0	0	0	1	0	0	0	0	0	0	0
OTU2153	0	0	1	0	0	0	1	0	0	0	0	0
OTU1208	1	0	0	0	0	0	1	0	0	0	0	0
OTU1133	0	0	0	0	0	0	0	0	0	0	2	0
OTU509	0	0	0	0	0	1	1	0	0	0	0	0
OTU1191	0	0	0	0	0	0	0	0	0	0	0	1
OTU410	4	2	0	0	0	0	6	0	0	0	4	0
OTU359	2	2	0	0	0	1	3	1	0	1	4	11
OTU437	0	0	0	0	0	1	0	1	0	0	15	15
OTU703	0	1	0	0	0	0	0	0	0	0	0	1
OTU387	3	0	0	0	0	0	9	0	0	3	2	1
OTU2087	1	1	0	0	0	0	4	5	6	0	0	0
OTU286	5	1	3	1	1	13	1	2	2	1	17	21
OTU325	0	0	0	0	0	4	0	2	0	0	0	0
OTU1642	0	0	0	0	0	0	0	0	0	0	0	1
OTU1473	0	0	0	0	0	1	0	0	0	0	9	3
OTU304	6	4	0	1	1	5	4	2	5	1	16	8
OTU1582	0	0	0	0	0	0	0	0	0	0	0	1
OTU1938	0	0	0	0	0	0	0	0	0	0	1	0
OTU595	0	0	0	1	0	2	1	0	0	0	1	0
OTU1719	0	0	0	0	0	0	0	0	0	2	0	0
OTU1062	0	0	0	0	0	0	0	0	0	0	2	0
OTU1842	0	0	0	0	0	3	0	0	0	0	0	0
OTU2010	0	0	0	0	0	3	0	0	0	1	0	0
OTU2112	0	0	0	0	0	0	0	0	0	0	0	1
OTU791	1	0	0	1	0	0	1	0	0	0	13	6
OTU627	1	2	0	0	0	0	3	0	3	0	6	0
OTU282	0	1	4	2	0	0	1	1	0	4	0	0
OTU327	3	5	5	7	8	24	3	2	3	4	11	17
OTU2011	1	0	1	1	0	0	0	0	0	0	0	1
OTU685	0	0	5	0	0	1	0	1	0	0	12	3
OTU2003	1	0	0	0	0	0	1	0	0	0	0	0
OTU715	5	3	0	5	5	24	1	2	0	3	19	9
OTU1236	0	4	1	0	1	2	1	0	0	0	4	0
OTU259	1	0	0	5	5	0	1	0	0	0	1	0
OTU463	0	0	9	0	33	0	0	0	2	0	1	0
OTU28	14	1	24	0	34	5	7	3	6	0	1	0
OTU2146	0	0	1	0	1	0	0	0	0	0	0	0
OTU480	0	0	1	0	0	0	0	0	0	0	0	0
OTU1072	0	0	0	0	0	1	0	0	0	0	2	2
OTU2201	0	0	0	1	0	0	0	0	0	0	1	0
OTU1749	0	0	0	0	2	0	0	1	0	0	0	1
OTU1565	0	0	0	0	1	0	0	0	0	0	1	0
OTU2155	0	3	0	0	0	0	0	0	0	0	0	0
OTU1954	0	0	0	0	0	0	0	1	0	0	0	0
OTU298	4	1	2	1	2	8	3	0	0	4	8	10
OTU1257	1	2	0	2	0	2	0	1	0	0	1	3
OTU667	0	1	0	0	1	0	2	2	0	1	0	0
OTU2182	1	1	1	0	3	1	0	0	0	0	0	2
OTU864	0	0	0	0	0	0	2	1	0	0	2	1
OTU1958	1	1	0	0	0	1	0	0	0	0	0	0
OTU1659	2	0	0	0	0	0	1	0	0	0	0	0
OTU1481	0	0	1	0	0	0	0	0	0	0	0	0
OTU1597	0	0	0	0	0	12	0	0	0	0	0	0
OTU977	2	1	0	0	0	0	2	0	0	2	0	0
OTU1369	1	3	0	0	0	0	2	0	0	1	0	0
OTU792	1	2	2	0	0	1	4	3	11	1	5	5
OTU484	1	1	1	1	0	1	1	0	3	0	6	0
OTU1005	0	1	0	0	0	1	0	0	0	0	3	0
OTU1947	0	2	0	0	0	1	1	0	0	0	0	2
OTU1635	2	0	0	0	0	0	0	0	0	1	0	0
OTU645	1	0	1	0	0	0	3	0	2	2	1	8
OTU2029	1	0	0	0	0	0	0	0	0	0	0	0
OTU1491	0	0	0	0	0	0	0	0	0	0	0	1
OTU1809	0	0	0	1	0	4	0	3	0	0	1	1
OTU1122	0	0	0	0	0	0	4	1	5	0	0	2
OTU1489	0	1	0	0	0	0	0	0	0	0	0	0
OTU1171	0	1	0	4	0	1	0	2	0	0	1	4
OTU1637	0	0	0	1	0	1	1	0	0	1	5	0
OTU1207	0	1	1	1	0	0	0	0	0	0	0	0
OTU1312	0	0	0	0	0	0	0	0	0	0	4	0
OTU340	1	5	1	2	5	3	10	9	3	9	5	3
OTU1636	0	0	0	1	0	2	0	0	0	0	0	0
OTU1476	1	2	1	0	0	0	4	0	0	2	0	0
OTU1287	0	0	0	1	1	0	5	1	0	0	0	3
OTU1862	0	1	0	2	0	0	0	0	0	0	0	0
OTU379	3	1	7	3	2	14	2	3	3	3	2	9
OTU1633	0	4	2	3	0	1	4	2	0	1	0	3
OTU1239	1	0	1	0	0	0	1	0	0	0	0	0
OTU1770	0	0	1	0	0	0	0	0	0	1	0	0
OTU1816	1	0	0	2	0	1	3	0	0	0	0	0
OTU619	1	1	0	0	0	0	1	0	0	1	0	0
OTU1984	1	0	0	1	3	0	2	0	0	2	0	1
OTU1902	0	0	0	0	0	0	0	2	0	0	0	0
OTU1043	0	0	3	0	0	0	0	0	0	0	0	0
OTU921	0	2	1	0	2	1	0	0	0	0	0	1
OTU688	0	0	1	0	0	0	0	0	0	0	0	0
OTU110	13	7	9	14	10	35	13	6	1	9	9	5
OTU1277	1	0	2	1	0	1	0	1	0	0	0	0
OTU637	0	0	0	0	6	0	0	4	0	0	0	0
OTU10	7	5	12	13	88	6	12	2	11	1	6	2
OTU6	24	12	11	3	107	6	1	3	18	0	15	5
OTU1227	4	1	1	2	3	1	1	2	0	0	16	2
OTU1278	0	0	1	1	0	0	0	2	0	0	0	0
OTU392	0	0	1	1	1	0	0	0	0	0	0	0
OTU401	2	0	1	2	9	10	0	0	0	0	3	6
OTU525	13	25	9	18	4	7	14	2	0	26	4	0
OTU954	2	0	0	0	0	0	0	0	0	0	0	0
OTU83	2	0	0	0	3	0	0	0	0	0	1	0
OTU738	0	0	3	0	2	2	4	1	0	2	2	0
OTU1037	1	1	3	0	3	3	0	0	3	0	6	0
OTU995	0	0	0	1	1	4	0	0	0	0	0	0
OTU53	0	0	0	0	0	0	1	0	0	0	0	0
OTU82	0	0	27	0	12	0	0	0	27	0	0	0
OTU1767	0	0	0	0	2	0	0	0	0	0	0	0
OTU197	0	0	0	0	2	0	0	2	3	0	0	0
OTU54	4	0	1	0	3	0	0	0	4	0	0	0
OTU477	4	0	2	1	0	0	0	0	0	0	0	0
OTU22	1	0	3	0	124	1	1	0	6	0	0	0
OTU151	0	0	7	0	4	0	2	0	5	0	0	0
OTU75	0	0	1	0	0	0	1	0	0	0	0	0
OTU321	0	0	0	0	6	0	0	0	8	0	0	0
OTU289	0	0	20	0	20	0	1	0	12	0	1	0
OTU1960	0	0	2	0	0	0	0	0	1	0	1	0
OTU13	5	2	27	3	71	0	2	0	22	0	0	0
OTU130	0	0	0	0	18	0	0	0	0	0	0	0
OTU5	38	1	26	1	17	0	0	0	1	0	0	0
OTU85	4	0	2	0	19	0	0	0	11	0	0	3
OTU1336	0	0	1	0	5	0	1	0	0	0	0	0
OTU2068	0	0	1	0	2	3	0	0	0	1	0	1
OTU1896	0	0	0	0	2	0	0	0	0	0	0	0
OTU126	0	0	0	0	2	0	0	0	0	0	0	0
OTU2012	1	0	1	0	0	0	0	0	0	0	0	0
OTU342	1	4	6	9	2	0	6	1	11	1	0	0
OTU1711	1	0	0	0	0	0	0	3	0	0	0	0
OTU415	1	7	1	2	3	0	0	3	0	0	0	0
OTU271	0	1	2	3	0	0	8	4	0	6	0	0
OTU1832	0	1	1	2	4	0	0	2	1	0	0	0
OTU194	0	0	1	1	0	0	7	0	5	0	0	0
OTU710	1	3	13	5	1	0	0	0	0	1	0	0
OTU587	3	0	0	0	1	1	0	0	2	1	1	0
OTU249	0	1	3	3	14	1	6	0	16	1	6	1
OTU1290	0	0	0	0	0	0	0	0	0	0	1	0
OTU9	12	1	81	0	276	1	8	3	69	0	3	1
OTU262	3	1	3	0	1	3	0	0	0	0	1	0
OTU1023	0	0	2	0	1	0	0	0	0	0	0	0
OTU8	21	4	142	2	344	2	22	6	85	1	8	0
OTU1848	1	1	315	1	2	0	2	0	0	0	0	0
OTU1088	0	0	54	0	0	0	0	0	0	0	0	0
OTU1760	0	0	0	0	0	0	0	0	2	0	0	0
OTU364	0	0	0	0	0	0	0	1	20	0	0	0
OTU1430	0	0	0	0	0	0	0	1	0	0	0	0
OTU2239	0	0	0	0	0	4	0	1	0	0	2	0
OTU1586	0	0	0	0	1	1	0	0	0	0	3	5
OTU1875	0	0	0	0	2	0	0	0	1	0	3	1
OTU1034	2	0	0	0	0	3	0	0	0	2	4	5
OTU1125	0	0	0	0	0	3	0	0	0	0	2	0
OTU376	4	7	0	1	9	21	10	3	5	1	13	5
OTU263	4	2	11	3	10	22	2	2	0	2	15	4
OTU2145	1	0	0	0	0	0	0	0	0	0	0	0
OTU1663	0	0	0	0	0	0	0	4	0	0	2	0
OTU1115	1	0	0	0	0	0	0	1	0	0	2	0
OTU1255	1	0	1	0	0	0	0	2	0	0	0	0
OTU1359	0	0	0	1	0	0	0	2	0	0	1	3
OTU1788	0	0	1	0	0	0	0	0	0	1	0	0
OTU1145	0	0	0	0	1	4	0	1	0	0	0	0
OTU1385	0	1	0	0	0	0	0	0	0	0	0	0
OTU1498	0	0	0	0	0	0	0	0	0	0	0	1
OTU1202	0	1	0	0	0	0	0	0	0	0	0	0
OTU1695	0	2	0	0	0	0	0	0	0	2	0	0
OTU861	0	0	1	0	1	0	0	1	3	0	0	0
OTU1778	0	0	1	1	0	0	0	0	0	0	0	0
OTU386	1	0	2	0	2	0	0	0	0	0	0	0
OTU573	0	0	0	0	0	1	0	0	0	0	0	0
OTU433	0	0	2	0	2	0	1	0	0	0	0	0
OTU1746	0	0	0	0	0	0	1	0	0	0	0	2
OTU1971	0	2	0	0	0	0	2	0	0	1	0	0
OTU562	0	1	1	0	0	0	0	0	2	0	2	0
OTU1989	0	0	0	0	0	0	0	0	0	0	4	0
OTU1013	0	0	0	0	0	0	0	0	0	0	1	0
OTU2093	0	0	0	0	0	0	0	0	0	0	0	1
OTU810	1	1	2	3	0	0	0	0	1	1	0	0
OTU879	0	0	0	0	0	0	0	0	0	1	0	0
OTU624	1	0	3	0	0	0	0	0	0	2	0	3
OTU937	0	0	0	0	0	0	0	0	2	0	0	0
OTU1071	0	1	0	0	0	0	2	0	0	0	0	0
OTU1209	2	1	0	0	1	1	1	0	1	0	0	1
OTU683	0	1	3	0	1	0	3	3	7	2	2	1
OTU1273	0	2	2	1	0	0	5	1	11	1	6	4
OTU809	4	2	2	3	4	3	3	0	0	1	3	4
OTU998	0	2	0	0	0	0	0	1	0	0	0	0
OTU903	0	0	2	2	0	3	0	2	2	1	0	2
OTU1026	0	0	0	0	0	0	1	2	0	3	0	0
OTU1994	0	0	0	0	0	3	0	0	0	0	0	0
OTU609	0	0	0	0	1	0	0	0	1	3	0	1
OTU1200	2	3	2	1	2	1	1	0	1	0	0	0
OTU868	0	0	0	0	0	0	0	0	0	0	2	1
OTU1844	0	1	0	0	0	0	1	0	0	0	0	0
OTU1655	0	2	0	0	0	0	0	0	2	0	0	0
OTU1182	0	0	0	0	0	0	0	0	0	0	0	1
OTU1321	0	0	0	0	0	0	0	0	0	0	1	0
OTU1403	0	0	0	0	0	0	0	0	0	0	1	0
OTU1418	0	1	0	0	0	1	1	0	0	0	0	3
OTU2017	0	0	1	2	1	2	0	0	0	0	1	0
OTU948	0	0	0	1	0	1	0	0	0	0	8	5
OTU1805	0	0	0	0	0	0	2	0	0	0	0	0
OTU280	1	2	5	0	5	1	5	4	6	2	1	0
OTU1618	3	1	0	1	0	0	1	0	9	0	0	0
OTU884	2	0	0	0	0	3	0	0	0	0	0	0
OTU308	1	4	1	3	4	9	1	0	0	0	1	2
OTU1316	1	1	2	0	1	0	0	2	0	0	0	1
OTU649	1	0	2	0	0	0	0	0	0	2	0	0
OTU118	8	7	4	21	3	4	6	8	4	5	0	0
OTU457	0	1	0	1	0	0	1	0	0	0	0	0
OTU380	0	2	1	1	0	5	0	2	3	0	4	2
OTU290	0	3	14	2	4	2	1	5	4	0	0	0
OTU1493	2	2	4	4	0	0	0	5	1	1	0	0
OTU1740	10	3	2	5	1	1	0	6	0	4	0	2
OTU2106	0	0	1	0	0	0	0	0	2	0	0	0
OTU730	5	8	10	10	0	2	9	9	10	6	1	0
OTU241	4	5	2	6	0	3	9	12	6	7	2	6
OTU313	0	5	0	1	0	1	4	2	0	3	0	0
OTU655	1	2	3	1	1	1	0	0	0	1	0	2
OTU748	1	0	1	0	2	1	3	1	0	1	2	0
OTU1720	0	0	0	0	0	0	0	0	0	0	0	1
OTU1064	0	1	1	0	2	0	1	0	0	0	4	1
OTU272	4	2	3	7	1	3	4	0	0	4	1	2
OTU341	0	0	0	1	0	0	3	0	0	0	0	0
OTU1914	2	1	0	1	0	0	0	0	0	0	0	0
OTU1785	0	1	4	0	1	4	0	0	0	0	0	0
OTU1864	0	0	0	0	0	0	0	0	0	0	1	1
OTU1662	0	1	2	3	0	0	2	1	3	1	0	0
OTU201	9	6	9	8	3	6	8	8	0	5	5	8
OTU294	2	1	7	2	4	6	8	1	3	1	8	2
OTU1314	3	3	1	1	4	1	11	3	3	4	1	1
OTU1190	0	0	1	0	0	0	0	0	0	0	0	0
OTU1952	1	0	1	2	2	7	2	0	0	1	2	1
OTU232	2	2	5	7	6	9	0	2	0	4	9	13
OTU467	2	2	0	5	0	1	1	4	2	2	2	0
OTU124	3	3	0	3	6	8	5	3	2	4	11	8
OTU1215	4	0	0	0	0	0	0	0	0	0	1	0
OTU886	0	2	5	2	0	0	3	5	1	0	0	0
OTU164	4	2	9	9	1	3	2	0	4	2	0	0
OTU694	6	3	1	1	2	0	1	1	2	2	0	0
OTU153	9	7	10	5	5	7	11	0	0	5	1	2
OTU1622	0	3	0	0	0	0	0	0	0	0	0	0
OTU510	1	3	0	8	0	1	6	11	1	8	0	1
OTU629	0	0	0	0	0	0	5	1	0	0	0	0
OTU966	1	2	2	2	0	3	4	0	0	0	2	0
OTU1631	3	2	1	2	0	3	0	0	0	0	0	0
OTU873	3	0	1	0	0	0	2	2	1	4	0	0
OTU584	0	0	0	0	0	0	2	0	0	0	0	3
OTU366	0	2	1	0	2	4	2	0	0	1	5	1
OTU1070	1	1	1	3	2	5	5	0	1	1	7	0
OTU625	1	0	2	0	3	0	2	2	2	0	6	4
OTU253	1	2	5	1	4	2	14	0	0	6	3	0
OTU469	1	3	4	5	1	3	7	0	5	0	5	1
OTU135	17	10	19	7	8	24	14	11	3	6	12	13
OTU1605	2	2	0	5	0	0	0	0	0	1	0	0
OTU252	11	8	11	2	4	2	6	1	0	9	0	1
OTU357	6	3	2	4	3	7	3	0	0	5	4	0
OTU1601	1	0	1	0	0	0	0	0	7	0	0	0
OTU1852	1	0	0	0	0	0	0	0	0	0	0	0
OTU474	0	0	11	0	3	0	0	1	0	0	0	0
OTU1726	0	0	0	0	0	1	2	0	0	3	0	0
OTU2055	1	0	2	0	0	0	0	0	0	1	1	0
OTU930	0	1	0	4	0	2	1	2	6	1	0	0
OTU1283	0	0	0	0	0	0	0	0	0	0	0	2
OTU132	11	7	10	6	12	14	4	6	1	3	4	5
OTU1124	1	0	0	0	0	0	0	0	0	0	1	0
OTU125	1	3	0	5	4	1	1	5	0	6	0	0
OTU2128	0	0	0	0	0	1	0	0	0	0	4	2
OTU182	2	2	2	4	1	3	2	3	2	0	2	0
OTU2071	1	1	1	1	0	0	0	0	1	0	0	0
OTU385	1	2	4	1	0	1	1	0	0	1	2	7
OTU600	0	2	4	0	2	2	2	0	0	1	1	1
OTU329	5	3	4	0	0	6	2	1	3	3	1	6
OTU2139	0	2	0	0	0	0	1	1	1	2	0	0
OTU1449	0	0	0	0	0	1	0	1	0	0	0	7
OTU1110	1	0	0	0	1	4	0	0	0	0	0	2
OTU377	12	9	10	11	20	26	14	10	10	10	13	11
OTU1280	4	11	2	8	2	0	5	4	1	9	0	0
OTU1700	0	0	0	0	0	5	0	2	2	1	0	3
OTU450	0	1	0	0	0	0	1	0	0	0	1	0
OTU1121	0	0	0	0	0	0	0	0	0	0	0	1
OTU965	2	2	0	1	0	1	0	0	0	3	0	2
OTU1943	0	0	2	0	0	0	0	0	0	0	0	0
OTU1668	0	0	0	0	0	0	0	1	0	0	0	0
OTU1458	0	0	0	0	0	0	1	2	0	0	0	0
OTU181	1	1	2	1	1	0	1	1	4	1	0	0
OTU1756	1	0	0	0	0	0	1	0	1	1	2	0
OTU1501	0	0	0	0	0	3	1	0	0	0	0	0
OTU848	1	1	0	0	0	2	1	1	0	2	1	0
OTU1736	0	0	0	0	0	1	0	1	0	1	0	0
OTU825	0	0	0	0	0	0	1	1	0	0	0	0
OTU2035	0	0	0	0	0	0	0	0	1	0	0	0
OTU1327	1	1	0	2	0	0	0	1	0	3	0	0
OTU1953	0	3	0	1	0	0	0	0	0	0	0	1
OTU641	0	2	0	0	0	0	0	0	0	0	0	0
OTU502	0	1	0	2	0	0	0	0	0	1	2	2
OTU1466	0	0	0	0	0	0	0	0	0	0	1	0
OTU1253	2	0	0	0	1	0	0	0	0	0	0	0
OTU1025	1	2	1	2	0	3	0	1	0	1	0	0
OTU2107	0	0	0	0	0	1	0	0	0	0	0	0
OTU1467	0	0	0	0	0	2	0	0	0	0	3	1
OTU1371	0	0	2	0	1	3	0	0	1	0	2	1
OTU533	0	0	0	0	0	0	0	0	0	1	0	0
OTU2175	0	1	0	0	0	0	0	0	0	0	0	0
OTU1244	0	1	0	0	0	0	0	0	0	0	0	0
OTU2090	0	0	0	0	0	0	0	0	0	0	0	1
OTU1437	0	0	0	0	1	0	0	0	0	0	2	0
OTU1201	0	0	0	0	0	0	0	0	0	0	0	2
OTU1226	0	0	0	0	0	2	0	0	6	2	0	0
OTU1591	1	0	0	0	0	0	2	0	0	0	0	0
OTU1330	1	0	2	0	0	1	0	1	0	0	2	0
OTU1398	0	0	0	0	0	0	0	0	3	0	0	0
OTU1915	0	0	0	1	0	0	1	0	0	0	0	0
OTU1789	0	0	0	0	0	0	0	0	3	0	0	0
OTU1923	0	0	0	0	0	0	0	0	0	0	0	2
OTU2115	0	0	0	0	0	0	0	0	0	0	4	3
OTU1528	0	0	0	0	0	0	0	0	0	0	1	0
OTU951	0	0	0	0	0	0	0	0	3	0	0	0
OTU822	0	1	0	1	0	0	1	0	0	0	0	0
OTU363	0	0	0	0	0	0	0	0	1	1	0	0
OTU922	0	1	0	0	0	0	1	0	0	1	0	0
OTU1609	0	0	2	0	0	0	0	0	0	1	0	0
OTU1706	0	0	0	0	0	0	0	0	0	0	0	1
OTU2184	0	2	0	0	0	0	0	0	0	1	0	0
OTU2019	0	0	1	0	0	0	0	0	0	0	0	0
OTU588	0	0	4	1	1	0	2	2	7	0	0	0
OTU1488	0	0	0	0	2	0	1	2	2	0	0	0
OTU2057	1	1	1	0	0	0	0	6	0	0	0	1
OTU287	0	5	2	1	0	0	1	2	3	0	0	0
OTU530	0	0	2	1	0	0	0	0	0	0	0	0
OTU242	4	3	3	1	2	0	1	2	0	1	0	0
OTU2216	1	0	0	0	0	0	0	0	0	0	0	0
OTU1707	0	0	1	0	0	0	0	0	0	0	0	0
OTU1619	0	0	0	0	0	0	0	2	3	0	0	0
OTU673	0	0	0	3	0	0	1	0	0	0	0	0
OTU414	0	5	7	0	2	1	2	2	3	2	0	9
OTU1165	2	4	2	2	0	0	0	0	0	0	0	0
OTU297	1	1	2	0	0	0	0	0	6	2	0	2
OTU1747	2	0	2	0	0	0	0	0	0	0	0	0
OTU1047	0	1	0	0	0	0	0	0	1	0	0	0
OTU674	0	0	0	1	1	0	1	0	1	0	1	1
OTU1894	0	1	0	0	0	0	0	0	0	0	0	0
OTU1096	0	0	0	0	1	0	0	0	2	1	1	0
OTU883	1	1	1	1	0	0	0	0	0	0	3	2
OTU203	3	0	2	0	0	0	0	1	12	2	0	3
OTU1235	1	0	0	2	0	0	0	0	0	0	0	0
OTU1274	0	0	0	0	0	0	3	0	0	0	0	1
OTU171	5	5	14	2	2	4	3	9	25	9	0	5
OTU2116	1	0	0	0	1	0	0	0	0	1	0	0
OTU221	0	3	4	3	0	2	4	1	2	2	2	3
OTU413	1	2	1	7	0	0	0	4	0	0	0	2
OTU1884	0	0	0	1	0	0	0	0	0	0	0	0
OTU2192	0	0	0	0	0	0	0	1	0	0	0	0
OTU1723	0	0	0	0	0	0	2	0	0	0	0	0
OTU1249	0	0	0	3	0	1	2	1	1	0	0	0
OTU805	0	0	0	2	1	0	0	0	4	0	0	0
OTU283	0	2	4	3	3	0	0	5	0	1	0	2
OTU1829	0	0	0	0	0	0	1	1	0	0	0	0
OTU1270	0	0	0	0	0	0	0	1	0	0	1	0
OTU578	0	1	0	1	0	0	2	0	0	1	0	0
OTU1394	0	0	0	0	0	0	0	0	0	0	1	0
OTU1888	0	0	0	0	0	0	0	0	0	0	1	0
OTU1325	0	0	0	0	0	0	0	0	0	0	2	0
OTU1656	0	0	0	0	0	0	0	0	0	2	0	0
OTU1780	0	0	0	0	0	1	0	0	0	0	0	0
OTU1438	0	1	0	1	0	0	2	0	0	0	0	1
OTU684	1	0	0	0	1	0	0	0	0	0	0	0
OTU1045	0	0	0	2	0	0	0	1	0	2	0	0
OTU1513	1	0	1	0	0	0	3	2	1	1	0	0
OTU408	0	0	0	0	0	0	2	0	1	1	0	0
OTU1331	0	0	0	0	0	0	0	0	0	2	0	0
OTU1397	0	0	0	0	0	0	0	0	0	0	0	2
OTU1415	1	0	0	1	1	2	0	0	0	0	0	0
OTU2060	1	0	0	0	0	0	0	0	0	0	0	0
OTU1083	0	0	0	0	0	0	0	0	0	0	2	3
OTU695	0	0	0	1	0	0	0	1	0	0	0	0
OTU1616	3	2	0	0	0	0	0	0	2	3	0	6
OTU1435	0	0	0	0	0	0	0	0	0	0	0	1
OTU754	1	0	0	0	0	0	0	0	0	0	0	0
OTU1143	0	1	1	0	0	0	0	0	0	0	0	0
OTU163	4	0	4	0	4	2	3	6	3	8	1	10
OTU1577	1	0	0	0	2	0	1	0	1	0	1	0
OTU2062	0	0	0	0	2	0	1	0	0	0	2	3
OTU545	0	0	1	0	0	0	0	2	0	0	0	1
OTU2176	0	0	0	0	0	4	0	0	0	0	4	4
OTU346	4	1	9	1	9	5	2	2	4	1	6	9
OTU1298	0	0	0	0	2	0	0	5	1	0	0	0
OTU372	1	1	0	0	0	0	0	3	3	0	0	0
OTU766	1	1	0	0	0	0	0	0	0	0	2	1
OTU482	0	2	0	0	5	0	0	1	0	4	0	1
OTU932	0	0	0	0	0	0	0	0	0	0	0	1
OTU583	0	3	2	0	3	0	3	0	0	0	1	1
OTU1701	0	2	0	0	0	0	0	0	0	0	0	0
OTU215	0	0	6	2	5	0	0	0	0	0	0	0
OTU320	0	1	1	1	0	0	1	1	0	2	0	0
OTU1675	0	0	0	0	0	0	0	0	0	0	4	0
OTU1521	1	0	0	0	0	0	0	1	0	0	0	0
OTU1323	0	1	0	0	0	0	0	0	0	0	0	0
OTU1849	0	0	0	0	0	0	0	0	0	0	0	2
OTU1106	2	0	0	0	0	0	0	1	0	0	0	0
OTU2092	1	0	0	0	0	0	1	0	0	2	0	0
OTU1116	1	0	0	1	0	2	0	0	0	0	0	0
OTU551	1	1	3	0	1	0	3	1	0	1	1	1
OTU1620	0	1	0	0	0	2	0	0	0	0	0	0
OTU1802	0	0	0	0	0	0	0	0	0	3	0	0
OTU1000	1	1	0	0	0	0	0	0	0	0	0	0
OTU1621	0	0	0	0	0	0	0	0	2	0	0	0
OTU586	1	0	0	0	1	0	0	0	0	0	3	0
OTU1436	0	0	0	0	0	0	1	0	0	0	0	0
OTU1697	0	0	0	1	0	0	0	0	0	0	0	0
OTU1136	0	1	0	0	0	0	0	0	0	0	0	1
OTU1510	0	0	0	0	0	0	0	0	0	0	1	0
OTU1387	0	0	0	2	0	0	0	0	0	0	0	0
OTU1087	0	0	0	0	0	1	0	0	0	0	0	0
OTU1176	0	0	0	1	0	0	0	2	0	0	0	0
OTU854	0	0	4	0	0	0	0	0	0	0	1	0
OTU1271	0	0	0	0	0	0	2	0	0	0	0	0
OTU1855	0	0	1	1	0	0	1	0	0	0	0	0
OTU1074	1	0	0	2	0	0	0	0	0	1	0	0
OTU1061	0	0	0	0	0	0	0	1	0	1	0	0
OTU1945	0	0	0	1	0	0	0	0	0	0	0	0
OTU2085	0	1	1	0	0	0	0	1	0	0	0	0
OTU1431	0	0	0	0	1	0	0	0	0	0	0	0
OTU947	0	2	3	2	0	2	0	0	1	2	1	1
OTU405	0	1	0	0	0	40	0	0	0	0	0	6
OTU722	0	0	0	0	0	0	0	0	0	0	0	5
OTU1396	0	0	2	0	0	0	0	0	0	0	0	0
OTU1753	0	0	0	0	0	3	0	0	0	0	1	0
OTU351	1	3	1	0	1	1	4	0	0	0	2	0
OTU1198	1	1	1	0	0	0	0	1	2	0	0	3
OTU1553	1	0	1	0	0	0	3	1	1	0	0	0
OTU1448	0	1	0	0	0	0	0	0	0	0	0	0
OTU1985	0	0	0	0	0	0	0	2	0	0	2	0
OTU1839	0	0	0	0	0	0	0	0	0	1	0	0
OTU1672	0	0	0	1	0	0	0	0	2	1	1	2
OTU2222	0	0	0	0	0	0	0	1	0	0	0	0
OTU2129	3	2	0	3	1	5	0	4	3	0	0	1
OTU515	6	5	2	7	0	3	3	6	8	9	0	1
OTU2164	0	0	0	0	1	4	0	1	0	0	0	2
OTU913	2	5	0	2	0	9	6	5	6	4	2	5
OTU664	0	3	1	3	2	1	4	7	2	2	3	0
OTU1197	0	0	0	1	0	2	0	0	5	0	1	0
OTU1500	1	1	0	0	0	0	4	2	0	0	2	2
OTU1452	2	0	0	0	2	5	1	0	2	1	1	6
OTU901	3	1	2	5	2	6	9	6	8	1	11	5
OTU461	0	2	0	3	1	5	3	2	5	3	0	0
OTU1412	0	0	0	0	0	0	0	0	0	0	0	1
OTU1395	1	1	1	1	0	0	1	7	3	1	0	0
OTU2205	0	1	0	1	0	0	0	0	0	1	1	0
OTU647	1	0	2	0	0	0	1	1	0	1	2	3
OTU538	0	0	0	1	0	0	3	2	3	4	4	2
OTU1108	0	0	0	0	0	0	0	0	0	0	2	0
OTU1625	4	1	0	0	0	0	3	2	8	1	0	3
OTU1009	0	3	1	1	0	2	1	1	0	4	0	0
OTU1259	1	2	1	4	0	0	5	3	1	1	1	0
OTU1029	3	3	1	4	0	0	0	2	0	5	0	1
OTU783	1	0	0	2	0	0	2	6	1	2	0	2
OTU785	0	0	0	4	0	1	0	0	0	0	0	1
OTU927	1	3	2	6	2	2	3	3	6	3	1	2
OTU2156	1	2	0	1	0	1	0	0	1	0	0	0
OTU2165	0	0	0	0	0	0	1	0	0	0	4	0
OTU236	4	3	6	0	1	3	12	2	4	3	2	1
OTU432	4	6	7	3	1	1	12	6	3	2	3	4
OTU1389	3	5	1	6	0	4	18	4	14	9	19	21
OTU829	0	0	0	0	0	3	0	1	1	0	2	1
OTU760	0	0	0	0	0	0	0	0	0	0	1	0
OTU238	9	3	3	5	0	4	3	0	2	0	6	4
OTU141	1	1	1	4	0	1	1	2	0	3	0	2
OTU811	0	0	0	0	0	0	2	0	0	0	0	0
OTU495	0	0	2	5	3	10	1	7	1	4	10	12
OTU659	4	6	2	4	2	3	2	4	1	1	1	1
OTU843	1	0	1	0	0	0	0	0	0	0	0	0
OTU1170	0	0	0	0	0	1	0	0	0	0	0	0
OTU844	4	0	3	0	1	0	0	0	0	0	6	5
OTU1276	0	1	0	0	0	0	0	1	0	0	0	0
OTU1895	0	0	1	0	0	0	0	0	0	0	0	0
OTU1376	1	0	0	2	0	0	3	1	0	2	0	0
OTU1657	1	0	0	0	0	0	0	0	0	0	1	0
OTU2204	1	0	1	0	0	0	1	1	0	2	1	3
OTU725	0	0	0	1	0	0	3	1	0	0	0	1
OTU2130	0	1	0	0	0	0	3	0	5	0	0	0
OTU1073	0	0	0	0	0	0	0	0	0	1	5	5
OTU300	9	7	1	10	0	1	11	2	10	5	9	3
OTU716	0	1	0	1	0	0	0	1	2	0	5	4
OTU1696	0	0	0	0	0	1	0	0	2	2	0	0
OTU1937	0	2	0	0	0	0	0	1	0	0	0	0
OTU492	2	1	1	1	1	0	0	3	4	0	1	6
OTU1758	0	3	0	0	0	0	0	0	0	0	0	0
OTU1279	0	0	0	0	0	0	0	0	0	1	0	0
OTU1536	0	0	0	1	0	2	0	0	0	0	1	5
OTU554	1	0	3	1	2	0	1	0	3	0	0	0
OTU1993	0	0	1	0	4	2	0	0	0	0	4	2
OTU682	0	0	0	2	0	0	2	2	0	0	0	0
OTU70	21	12	28	16	63	18	19	5	13	6	29	14
OTU1140	4	13	9	2	16	12	3	6	3	1	9	8
OTU888	5	0	1	1	0	1	3	0	0	1	3	1
OTU539	0	0	0	0	1	1	0	1	2	0	0	0
OTU996	0	2	2	4	0	0	10	0	5	0	0	0
OTU1627	0	0	0	0	0	0	1	0	0	0	0	0
OTU749	0	1	2	0	0	0	4	2	0	1	0	0
OTU557	2	2	4	3	3	3	0	0	5	0	1	2
OTU781	2	6	9	4	5	5	6	1	1	4	0	4
OTU1569	0	0	0	0	0	0	0	0	1	0	0	0
OTU838	0	0	0	1	0	0	0	0	0	0	0	0
OTU1175	0	0	0	0	1	0	1	0	0	1	0	0
OTU348	6	6	7	3	1	1	13	2	1	0	0	0
OTU370	1	0	0	0	0	0	0	0	3	0	0	0
OTU1678	0	0	1	1	0	0	1	0	0	5	0	0
OTU731	1	3	1	0	3	0	1	0	0	0	0	0
OTU1363	0	0	0	0	1	0	0	0	0	0	1	0
OTU699	0	0	0	0	5	2	0	0	0	0	1	3
OTU1158	1	0	0	0	0	0	0	0	0	0	0	2
OTU2024	0	0	0	0	0	0	1	1	0	1	0	0
OTU1771	0	0	0	0	0	1	0	0	0	0	0	0
OTU1922	1	0	0	0	0	0	0	2	0	0	0	0
OTU1693	5	6	9	6	3	0	5	1	0	1	1	0
OTU644	0	0	0	2	1	5	0	0	0	0	0	2
OTU1004	0	0	0	0	0	0	0	0	0	0	1	0
OTU1725	3	2	0	2	0	0	5	1	0	0	0	1
OTU560	1	1	0	1	0	0	1	3	0	0	0	1
OTU692	0	0	0	0	0	0	1	0	1	0	1	1
OTU2113	1	0	0	0	1	3	2	0	1	0	1	0
OTU43	53	52	35	65	48	140	48	77	47	50	100	75
OTU1979	1	3	0	0	0	3	4	0	2	2	5	0
OTU1502	0	0	0	0	0	0	0	0	0	2	0	0
OTU399	2	0	0	1	1	0	1	1	3	2	5	2
OTU788	0	6	1	4	0	0	0	0	2	0	0	0
OTU1540	0	0	0	0	0	0	0	0	0	1	1	0
OTU1879	1	1	0	0	0	0	0	0	1	1	0	0
OTU2172	0	0	0	1	0	0	0	2	1	1	0	0
OTU944	5	0	0	3	1	1	3	2	7	1	0	1
OTU1667	0	0	0	0	0	1	5	0	0	1	1	0
OTU1880	0	1	0	0	0	0	5	0	4	0	0	0
OTU564	6	1	1	5	4	8	15	6	16	4	32	10
OTU1222	2	1	0	1	1	2	0	1	0	1	0	3
OTU1703	0	1	0	0	0	0	4	0	4	0	0	1
OTU1351	0	0	0	2	0	1	2	0	0	3	3	0
OTU2223	0	2	0	1	0	0	1	0	3	2	0	0
OTU1139	1	0	0	2	0	1	1	0	1	0	1	2
OTU640	0	2	1	2	2	0	3	1	0	0	0	1
OTU466	0	2	0	0	0	0	4	1	0	3	2	2
OTU928	2	6	0	0	0	0	12	8	11	3	0	1
OTU691	3	1	0	4	0	0	7	0	1	3	0	0
OTU1737	2	0	1	0	0	0	0	0	2	0	1	1
OTU478	0	1	3	1	0	1	6	2	4	0	2	1
OTU672	7	0	1	6	1	4	5	9	4	6	12	13
OTU601	2	2	1	0	0	0	0	2	4	1	0	1
OTU485	3	1	0	0	2	2	2	4	1	2	4	2
OTU1957	2	3	2	1	0	0	0	1	0	1	0	0
OTU1242	1	1	1	1	2	0	0	1	0	0	1	0
OTU1375	1	1	0	0	0	0	3	2	1	0	0	0
OTU487	1	3	2	1	2	0	1	7	0	6	4	3
OTU1525	2	1	1	0	0	0	0	2	0	1	1	7
OTU1301	1	3	1	1	0	0	0	6	2	10	0	0
OTU2211	1	0	0	0	0	1	0	2	0	1	2	1
OTU1539	4	2	3	3	0	2	2	1	2	2	0	0
OTU1030	2	5	1	0	0	1	0	5	3	2	0	2
OTU2159	0	2	0	0	0	0	0	0	0	0	0	2
OTU1237	2	0	2	5	0	2	3	8	8	3	2	2
OTU369	3	4	1	3	0	3	1	3	0	7	0	0
OTU2064	0	0	0	1	1	0	2	0	0	2	0	0
OTU254	3	0	5	0	0	1	3	2	7	0	3	1
OTU1559	0	1	2	0	0	0	1	0	0	0	0	0
OTU845	0	0	0	0	0	0	0	0	3	0	0	0
OTU210	14	5	13	13	16	26	29	10	21	5	22	11
OTU1008	1	0	2	3	3	2	5	0	4	3	8	0
OTU398	8	2	4	3	6	5	9	5	5	0	14	6
OTU741	2	0	0	2	0	2	1	5	8	3	3	0
OTU1439	0	0	3	0	3	6	0	0	0	3	4	2
OTU402	5	2	7	5	6	6	8	0	3	2	6	4
OTU1051	0	1	2	0	0	6	2	0	0	0	0	1
OTU1335	2	0	0	0	0	6	0	0	3	4	2	1
OTU166	29	16	22	40	2	7	25	21	15	38	2	2
OTU332	7	12	7	14	1	7	9	12	2	9	1	0
OTU196	11	8	6	18	0	1	12	14	4	10	0	0
OTU180	19	25	18	13	3	19	11	11	16	17	7	4
OTU295	1	8	4	7	0	1	4	6	0	5	4	3
OTU801	3	3	5	2	0	8	2	6	2	3	5	2
OTU264	17	21	25	43	9	28	14	7	12	11	15	24
OTU744	4	3	3	0	0	3	6	2	0	3	0	0
OTU528	4	6	6	9	8	18	11	9	7	2	0	11
OTU552	3	3	2	3	3	11	0	4	1	2	3	8
OTU806	0	0	0	0	2	9	0	0	0	0	12	9
OTU1942	1	1	0	1	0	0	1	2	6	2	0	0
OTU506	2	5	2	3	0	0	3	6	0	3	0	0
OTU709	2	8	11	7	0	1	2	4	2	3	4	3
OTU101	19	24	18	47	5	27	12	24	17	21	8	25
OTU161	25	27	28	25	1	10	24	34	10	32	1	2
OTU40	130	133	109	209	32	126	160	125	123	125	46	72
OTU219	13	13	3	7	9	8	14	8	17	7	7	7
OTU1392	4	0	1	2	0	0	0	5	0	2	0	0
OTU739	0	1	0	0	0	3	1	2	0	2	0	0
OTU1069	0	0	0	1	1	0	0	0	0	1	2	0
OTU1647	0	0	0	0	0	0	0	0	0	3	0	0
OTU1674	0	0	0	1	0	0	0	0	0	0	0	0
OTU1580	0	3	1	0	1	1	3	4	0	0	0	1
OTU1049	0	0	0	0	0	6	0	0	0	0	0	2
OTU1999	0	1	0	0	0	0	0	0	0	0	3	0
OTU799	0	1	0	1	0	0	1	1	3	3	2	1
OTU1177	1	0	0	1	0	1	3	3	0	0	0	0
OTU2088	0	2	1	4	0	2	0	1	2	4	0	1
OTU623	2	2	5	5	1	2	7	2	6	2	1	4
OTU1497	0	1	0	0	0	1	0	0	0	2	0	0
OTU2104	0	0	0	1	0	1	0	0	0	1	0	2
OTU1649	0	0	0	0	0	1	0	0	0	0	0	3
OTU2043	0	1	0	1	0	1	0	1	0	1	0	0
OTU1869	1	0	0	0	1	1	5	1	5	3	1	0
OTU1495	0	1	1	0	0	0	0	0	0	2	0	0
OTU281	14	11	7	13	8	8	28	21	5	15	13	4
OTU958	0	2	0	4	1	2	0	1	2	2	0	0
OTU1057	1	1	0	5	3	7	0	2	0	0	6	2
OTU941	0	0	0	0	0	0	0	0	2	0	0	0
OTU1384	0	0	1	0	0	0	0	0	0	0	0	0
OTU184	10	12	20	7	0	1	22	17	7	24	0	0
OTU569	1	1	0	0	0	9	2	1	3	3	4	2
OTU1482	1	0	0	0	0	1	0	0	0	0	0	0
OTU199	8	13	9	10	2	6	7	8	4	12	1	1
OTU191	2	2	2	2	0	3	13	3	1	2	2	8
OTU1734	0	0	0	0	0	0	0	0	0	0	1	0
OTU742	1	0	1	1	1	0	3	5	4	7	0	0
OTU582	2	1	0	1	1	0	1	0	0	0	2	8
OTU1361	2	0	0	0	0	1	1	1	2	3	0	0
OTU1041	1	0	0	0	0	0	1	1	2	3	0	0
OTU1828	1	0	0	0	0	0	0	0	0	0	0	0
OTU1052	0	2	1	0	0	1	2	0	0	0	0	0
OTU1845	2	3	4	3	5	9	2	1	1	2	0	9
OTU768	1	0	0	1	1	4	0	0	0	1	1	1
OTU394	1	4	1	1	1	2	6	3	0	13	2	0
OTU1608	0	0	5	0	0	2	0	0	1	4	4	1
OTU511	3	8	4	5	1	0	0	5	4	5	0	0
OTU2047	0	0	0	0	0	0	2	0	0	0	1	0
OTU770	0	1	0	4	1	0	0	0	0	0	0	0
OTU1263	0	1	0	0	0	1	0	0	0	0	1	0
OTU755	0	3	0	0	0	0	0	2	0	0	0	0
OTU1036	1	0	0	1	0	0	1	1	0	0	0	0
OTU518	5	4	2	1	2	4	5	3	7	5	1	3
OTU1777	0	0	1	0	0	1	1	1	0	0	1	2
OTU353	1	4	7	7	1	8	2	4	3	16	7	7
OTU468	0	1	1	5	4	5	1	1	5	1	5	7
OTU720	1	2	1	1	3	4	3	1	3	5	3	3
OTU626	0	0	0	0	1	1	4	0	2	4	0	1
OTU1343	1	2	0	0	0	0	0	0	0	0	0	0
OTU131	3	10	6	8	9	6	9	10	2	3	9	4
OTU246	1	0	5	3	1	0	3	5	3	5	2	0
OTU505	0	3	7	4	0	3	4	3	3	2	1	1
OTU489	3	8	3	1	3	1	5	4	0	4	6	0
OTU412	2	4	2	4	0	6	4	3	0	7	7	3
OTU1421	0	0	0	1	0	0	0	0	0	0	0	0
OTU568	0	1	3	3	0	0	2	2	1	1	0	0
OTU328	4	7	8	6	2	0	2	3	5	4	0	0
OTU1527	1	0	1	0	3	0	1	0	0	0	0	0
OTU1772	0	2	0	0	0	0	0	0	0	0	0	0
OTU585	1	0	0	0	0	0	2	0	0	0	0	0
OTU256	1	3	5	0	1	1	6	3	2	0	0	0
OTU969	0	0	1	2	1	0	1	0	0	2	0	0
OTU778	2	0	1	0	1	2	0	0	0	0	0	0
OTU1095	0	0	1	0	2	2	0	0	0	1	0	2
OTU1211	0	1	3	0	0	0	1	2	0	0	0	0
OTU444	3	10	2	2	0	2	4	3	5	1	1	5
OTU546	4	2	2	1	0	0	0	0	9	2	0	0
OTU503	1	3	4	5	0	0	2	2	4	1	0	2
OTU418	3	1	2	0	0	1	3	2	0	1	0	1
OTU955	3	4	3	8	0	3	7	2	1	0	2	2
OTU1021	0	2	2	1	0	0	2	4	0	1	1	0
OTU872	0	0	4	0	0	0	3	1	4	5	0	0
OTU2220	0	0	0	0	0	0	0	0	0	0	0	2
OTU898	0	0	0	0	0	0	2	1	0	0	0	0
OTU729	2	2	5	3	0	1	2	5	4	2	0	0
OTU1811	0	1	0	0	0	0	1	1	0	2	0	0
OTU2063	0	0	0	1	0	0	3	1	3	0	2	1
OTU1727	1	1	0	0	0	0	3	1	0	0	0	0
OTU1340	0	0	0	0	0	0	0	0	0	0	0	2
OTU814	0	0	0	0	0	0	0	1	0	0	2	3
OTU1587	0	1	0	0	0	0	0	0	0	0	0	0
OTU970	1	0	0	4	0	0	1	0	1	0	2	0
OTU618	0	0	0	1	1	2	0	0	0	1	0	0
OTU1193	0	0	0	0	0	0	0	0	0	0	3	0
OTU1076	0	2	0	1	1	2	2	0	0	3	0	2
OTU483	0	0	0	1	0	2	3	2	0	0	2	0
OTU1927	0	0	0	3	0	1	0	1	1	0	1	3
OTU866	0	2	0	3	4	1	2	1	0	2	5	7
OTU1238	0	0	0	0	0	0	0	0	0	0	1	0
OTU2050	1	0	0	0	1	1	0	2	0	0	0	1
OTU1826	0	0	1	0	0	0	0	0	2	0	0	1
OTU1817	0	0	0	0	0	0	0	0	0	0	0	1
OTU1934	0	0	0	0	0	3	1	0	0	0	2	1
OTU1594	2	0	1	0	2	3	6	1	0	4	3	1
OTU1815	3	0	0	0	0	0	0	0	0	0	0	0
OTU1339	0	3	0	0	0	0	5	2	3	1	0	0
OTU1986	0	0	0	0	0	0	0	1	0	2	1	0
OTU1168	0	0	0	0	0	0	0	0	1	0	0	0
OTU962	0	0	0	1	0	1	0	0	0	0	3	4
OTU1464	0	0	0	0	1	0	0	0	0	0	1	5
OTU1988	0	0	0	0	0	0	1	2	2	0	1	1
OTU1058	0	0	1	1	2	0	0	1	0	1	1	0
OTU1018	0	0	0	1	0	0	1	0	2	0	1	0
OTU1245	0	0	0	1	0	0	0	0	0	0	0	0
OTU1214	0	0	0	0	1	0	0	0	0	0	2	0
OTU908	0	0	0	0	0	0	0	0	0	2	0	3
OTU273	0	0	3	1	1	2	0	0	1	0	7	11
OTU1666	1	1	0	0	0	4	0	1	0	4	6	2
OTU736	0	0	1	1	0	2	1	3	3	0	0	3
OTU1853	0	0	0	0	0	0	0	0	0	0	0	2
OTU1137	1	0	0	0	0	1	0	0	0	0	2	0
OTU111	10	13	4	11	3	5	16	8	5	6	3	17
OTU834	1	3	1	0	0	5	2	9	0	2	1	4
OTU858	1	3	0	1	5	5	4	1	1	0	8	2
OTU1374	0	0	0	2	0	1	0	0	0	1	2	5
OTU2191	0	0	0	0	1	0	0	0	0	0	0	1
OTU1146	0	2	0	0	0	1	1	0	0	0	1	0
OTU420	0	0	0	0	1	1	1	0	4	1	8	1
OTU1443	2	1	2	1	0	0	2	0	2	3	0	0
OTU577	0	0	0	0	0	2	0	0	0	0	5	0
OTU869	3	0	2	0	0	4	1	2	2	5	1	2
OTU1457	2	5	1	2	0	6	1	4	2	2	2	5
OTU972	2	2	1	1	0	3	0	0	0	0	4	2
OTU303	7	6	5	7	3	9	9	7	6	2	7	10
OTU991	0	1	0	0	0	0	3	0	1	0	0	0
OTU761	3	0	0	1	0	0	0	0	0	0	3	1
OTU1906	0	1	0	0	0	1	2	3	0	1	2	2
OTU1573	1	0	0	0	0	0	0	0	0	0	0	0
OTU1921	0	0	0	0	0	2	0	0	0	0	0	0
OTU2169	0	0	0	0	2	0	0	1	0	1	0	0
OTU1917	0	0	0	0	0	0	0	0	0	0	2	1
OTU2171	0	0	0	1	0	0	0	0	0	0	0	0
OTU1735	0	0	0	0	0	0	0	1	0	0	0	0
OTU1732	0	1	0	1	0	0	0	1	0	1	0	1
OTU1028	1	2	1	0	0	2	0	0	0	1	2	0
OTU2179	0	0	0	0	0	0	0	0	0	0	1	0
OTU988	1	0	1	0	0	0	2	2	0	2	2	4
OTU840	1	0	0	0	1	0	2	1	2	0	0	2
OTU630	0	0	0	0	1	0	0	0	0	0	0	1
OTU2238	1	3	2	1	2	0	1	3	0	1	4	1
OTU841	0	0	0	1	1	2	0	0	0	0	1	1
OTU438	5	2	2	2	0	0	4	2	0	4	0	0
OTU797	2	0	0	2	0	2	0	1	6	1	1	0
OTU1130	0	0	0	0	0	0	0	0	0	0	2	1
OTU896	0	0	0	1	0	1	0	0	0	0	0	0
OTU860	0	0	0	0	1	0	1	0	3	0	0	1
OTU2200	1	1	0	0	0	0	1	0	0	0	0	0
OTU1978	3	3	2	1	0	2	1	0	0	0	0	0
OTU1893	1	0	0	0	0	0	1	0	0	0	0	0
OTU1380	0	0	0	0	1	1	1	0	0	1	1	0
OTU997	2	2	1	0	1	0	1	0	1	1	1	4
OTU498	5	9	1	5	1	13	5	10	12	10	8	7
OTU1511	1	1	1	4	0	4	0	0	0	1	3	3
OTU1307	0	1	0	0	0	0	0	1	4	0	0	1
OTU1166	0	0	0	1	0	1	0	0	2	0	3	1
OTU1872	2	1	0	0	1	0	0	1	0	0	0	0
OTU1329	1	1	0	0	0	0	0	0	0	0	0	0
OTU1997	3	1	0	0	1	2	4	3	2	3	3	1
OTU813	4	1	0	1	0	0	2	0	0	0	0	3
OTU1564	0	0	1	0	0	0	1	0	0	3	0	1
OTU1596	1	0	1	0	0	0	2	0	0	0	0	0
OTU1360	3	4	3	0	1	3	2	3	3	3	3	1
OTU1535	1	0	0	0	0	0	0	0	0	0	1	1
OTU1887	0	0	0	0	1	0	1	1	0	0	0	0
OTU1840	0	0	1	0	0	0	0	0	0	0	2	0
OTU1411	1	1	0	0	0	1	2	3	0	0	1	0
OTU2226	0	2	1	0	0	0	2	0	0	4	3	0
OTU1486	1	0	0	0	1	0	0	0	0	2	0	0
OTU1813	0	0	0	1	0	0	0	0	0	0	0	2
OTU1309	2	5	0	2	0	4	4	0	9	2	2	0
OTU2154	1	3	0	0	0	0	1	1	1	0	1	0
OTU1963	0	0	0	0	0	0	1	0	0	0	0	0
OTU1055	0	0	0	2	0	0	0	0	0	0	1	1
OTU423	6	1	0	1	2	1	3	4	1	0	9	6
OTU508	4	5	2	1	1	4	6	2	3	3	3	1
OTU990	1	7	4	0	0	7	2	1	3	2	0	0
OTU2080	0	0	1	0	0	2	1	0	0	0	0	0
OTU894	0	1	0	1	0	0	1	0	1	0	0	0
OTU1322	5	0	0	2	2	5	5	6	2	2	2	2
OTU1939	0	3	0	0	0	1	1	1	0	3	1	2
OTU138	8	2	3	9	10	9	7	3	5	10	0	3
OTU169	11	13	6	11	15	6	6	8	7	6	11	8
OTU1256	0	0	0	2	0	0	0	0	0	0	4	0
OTU2133	0	2	1	0	0	0	1	1	5	3	0	0
OTU1159	1	1	0	1	0	0	2	0	0	0	0	0
OTU243	9	9	5	13	5	14	17	14	6	20	18	21
OTU847	3	3	1	0	0	1	1	1	2	1	0	0
OTU167	6	8	2	5	0	0	4	9	12	12	0	1
OTU1854	3	5	1	6	0	3	1	2	2	1	4	0
OTU261	9	3	6	2	5	11	10	11	9	4	9	10
OTU721	5	10	0	3	2	5	1	5	5	5	3	2
OTU1925	0	0	0	2	0	4	11	1	4	0	7	0
OTU985	0	3	4	0	0	0	3	2	3	1	0	0
OTU288	5	1	3	8	1	4	4	3	1	2	3	1
OTU910	0	0	0	0	0	1	8	0	0	0	4	0
OTU1730	2	3	0	0	0	0	3	5	2	1	0	0
OTU1017	0	1	0	0	0	0	0	0	0	5	0	0
OTU1549	1	4	4	6	1	2	3	1	3	4	0	0
OTU650	1	7	13	12	3	3	4	16	3	7	0	1
OTU1825	6	2	4	4	3	0	2	3	16	9	0	6
OTU1818	4	3	0	15	2	0	2	3	0	9	2	5
OTU887	2	3	3	2	0	0	5	6	1	8	0	0
OTU1213	0	2	1	6	1	4	1	1	0	0	2	3
OTU1352	0	0	0	2	4	2	0	0	0	0	3	8
OTU816	2	0	2	2	1	7	0	6	6	1	11	9
OTU1712	2	3	0	5	0	0	1	5	0	5	1	0
OTU2102	0	0	0	1	0	0	0	0	0	1	0	0
OTU1007	0	1	0	2	0	0	0	2	2	1	4	0
OTU1461	0	0	0	0	0	0	0	1	0	0	0	2
OTU1838	0	1	0	0	0	0	1	0	0	1	0	0
OTU1676	0	3	0	0	0	1	0	1	0	0	0	0
OTU598	2	1	0	1	0	0	1	5	3	4	0	0
OTU1142	0	3	0	0	1	0	2	0	0	2	1	3
OTU1790	0	0	0	1	1	0	0	0	0	0	10	10
OTU556	0	3	0	2	0	0	0	0	0	0	0	0
OTU713	0	1	1	1	1	0	3	4	0	0	0	2
OTU1562	0	1	0	0	0	0	1	0	2	1	0	0
OTU211	20	17	5	26	0	11	13	25	11	25	3	3
OTU919	1	1	0	1	1	1	3	2	9	1	2	3
OTU863	1	2	1	1	1	1	2	5	5	5	5	6
OTU173	50	47	14	32	15	32	40	58	41	68	37	38
OTU851	2	2	0	0	0	0	3	1	0	1	0	0
OTU926	1	3	0	4	4	8	1	2	0	0	12	11
OTU72	32	33	14	30	10	36	29	41	28	23	32	25
OTU693	7	4	0	9	5	22	2	9	2	3	32	29
OTU1112	9	9	2	5	3	14	3	10	1	1	10	14
OTU189	4	8	3	7	21	25	3	7	4	4	47	44
OTU2000	4	7	4	6	1	2	16	10	14	13	1	1
OTU497	4	4	1	5	0	0	14	8	4	9	2	1
OTU381	15	16	3	21	11	18	9	16	4	12	17	11
OTU148	25	25	18	31	18	39	21	39	22	30	54	47
OTU109	21	26	15	21	22	24	22	43	27	28	28	37
OTU2224	1	1	0	1	0	0	1	0	4	1	2	9
OTU488	8	8	5	2	0	0	11	11	24	13	0	0
OTU696	12	9	2	3	0	2	5	12	4	6	5	1
OTU65	37	37	11	27	9	12	21	38	14	31	19	16
OTU2127	0	1	0	0	0	2	0	0	0	0	3	6
OTU63	45	39	11	34	19	46	27	46	21	26	52	57
OTU1908	0	1	0	1	4	1	3	3	2	1	17	10
OTU712	1	1	1	11	0	1	5	2	1	3	0	1
OTU52	36	47	14	22	4	6	50	37	27	48	2	3
OTU1093	6	16	2	2	0	0	11	19	5	12	0	0
OTU1450	4	2	6	8	2	5	4	1	0	2	3	2
OTU1358	0	1	0	0	0	0	1	0	0	1	0	0
OTU1031	9	10	3	10	2	1	4	14	7	9	1	1
OTU1517	0	0	0	1	0	0	0	1	0	0	0	0
OTU1547	3	1	2	3	2	1	10	7	0	4	6	1
OTU704	3	3	2	1	0	1	0	1	8	2	3	4
OTU1484	1	3	2	2	1	1	4	3	3	4	1	4
OTU1926	2	0	0	3	0	3	4	3	5	5	0	0
OTU743	0	0	0	5	3	9	0	3	0	0	10	18
OTU1462	0	0	0	0	0	0	1	0	2	0	0	0
OTU1126	1	1	1	1	3	6	1	1	0	4	14	5
OTU315	28	24	11	24	11	26	14	28	18	15	36	36
OTU1447	1	0	1	0	0	0	2	0	0	0	0	0
OTU654	0	2	2	0	2	4	2	0	1	4	1	3
OTU1951	9	4	1	14	4	6	6	7	0	5	10	5
OTU1643	5	2	3	8	9	10	7	6	7	10	24	17
OTU1173	1	1	1	0	0	0	2	2	0	3	0	0
OTU818	0	0	0	0	4	3	0	0	0	0	17	11
OTU702	7	7	2	2	0	5	5	1	0	8	8	5
OTU2136	4	2	1	6	4	4	10	2	2	6	3	2
OTU442	8	14	0	9	0	6	9	15	24	6	5	0
OTU1135	7	4	3	0	2	0	4	3	10	6	0	3
OTU2215	0	0	0	0	0	0	1	1	0	0	2	0
OTU999	1	2	0	1	1	0	3	0	0	5	3	0
OTU73	51	67	32	63	22	66	52	81	70	83	37	36
OTU1149	1	1	0	0	0	0	0	5	0	2	1	0
OTU1519	4	1	0	0	1	1	1	2	3	1	0	0
OTU775	1	0	0	0	0	0	0	0	0	1	3	2
OTU1059	2	1	1	1	0	1	2	3	0	1	5	6
OTU1861	0	1	0	1	1	1	6	0	1	2	0	0
OTU1572	0	0	0	0	0	0	0	0	0	0	2	1
OTU679	0	2	1	4	0	4	3	4	6	2	3	5
OTU1715	0	2	2	0	0	0	1	0	1	5	0	0
OTU566	5	4	2	2	2	7	5	3	5	9	7	4
OTU602	9	8	1	12	1	5	17	15	17	13	3	6
OTU899	9	4	11	10	13	11	14	8	4	13	36	36
OTU459	10	7	7	9	8	15	9	13	15	11	9	17
OTU817	2	2	1	7	1	2	3	3	4	4	9	3
OTU735	0	0	2	0	0	0	0	0	0	0	0	0
OTU1019	4	3	1	4	2	9	1	5	2	3	3	10
OTU933	4	3	1	2	2	0	8	7	7	4	4	1
OTU1919	0	0	0	1	0	0	0	0	0	0	1	0
OTU891	1	2	1	2	0	0	2	1	1	5	0	0
OTU1548	0	0	0	0	0	1	0	0	0	0	3	1
OTU299	6	3	0	1	0	0	5	0	0	4	4	0
OTU1289	2	0	0	1	0	3	0	2	0	1	5	4
OTU1850	5	3	1	1	0	0	1	1	0	2	4	0
OTU1416	0	1	0	0	1	4	0	1	0	0	1	1
OTU945	0	0	0	0	2	2	2	2	0	2	3	4
OTU1024	1	3	0	0	2	1	3	1	0	2	8	6
OTU1745	0	0	0	0	0	1	0	0	0	0	1	4
OTU856	0	0	0	1	3	12	0	0	0	0	8	5
OTU1299	0	0	0	0	0	3	0	0	0	0	11	20
OTU1600	1	0	0	0	0	0	1	1	0	1	1	4
OTU1258	0	1	0	0	0	0	0	0	0	0	0	0
OTU106	17	8	10	24	4	16	22	16	17	27	28	35
OTU136	0	7	3	1	3	7	2	14	1	9	0	8
OTU992	1	0	0	1	1	0	0	2	0	0	2	1
OTU404	14	15	5	11	2	1	11	7	0	7	11	11
OTU1962	0	1	0	2	1	4	1	2	0	1	1	2
OTU275	4	4	2	1	3	2	4	4	7	1	6	3
OTU292	5	9	2	9	3	5	7	10	6	12	3	3
OTU968	14	8	6	18	8	7	9	7	2	8	2	1
OTU631	10	9	6	4	9	17	3	21	11	11	11	7
OTU877	1	2	0	1	1	0	0	1	0	4	0	1
OTU417	1	3	1	1	0	1	3	3	1	2	9	0
OTU925	2	1	0	2	0	1	4	3	5	1	4	3
OTU563	3	2	3	8	1	3	8	2	9	0	7	3
OTU707	1	1	2	0	2	2	0	3	0	0	6	4
OTU570	4	7	5	17	6	11	3	13	6	6	13	22
OTU2157	0	0	0	0	1	0	0	0	0	0	2	1
OTU94	12	15	12	18	4	8	20	22	6	23	3	13
OTU1742	0	0	1	0	1	1	0	0	0	2	3	2
OTU1391	2	9	6	3	1	9	5	8	10	2	5	2
OTU108	2	6	7	2	10	25	4	10	1	2	49	44
OTU1867	8	9	3	7	4	15	7	10	4	3	43	38
OTU1054	0	0	0	0	0	0	0	0	0	0	1	0
OTU228	5	12	6	8	9	15	5	9	15	7	21	28
OTU296	4	3	0	1	1	5	1	2	5	1	5	1
OTU1281	1	0	0	0	1	4	1	0	0	1	1	10
OTU1152	0	0	1	0	0	0	0	0	0	0	0	0
OTU934	7	4	0	3	2	2	5	9	9	3	1	2
OTU317	15	12	5	10	6	9	5	9	14	3	13	8
OTU963	3	2	1	3	0	0	0	1	0	2	0	0
OTU1414	0	0	1	0	0	0	0	1	0	0	0	0
OTU828	1	1	0	3	0	3	1	1	0	3	0	4
OTU1836	0	2	0	2	0	0	0	0	0	0	0	0
OTU1002	0	0	0	0	0	0	0	1	7	0	0	0
OTU1766	2	2	0	0	0	1	1	1	2	2	1	0
OTU1487	0	0	0	0	0	0	1	0	1	1	1	0
OTU360	3	1	1	5	2	4	0	2	2	1	5	5
OTU335	3	1	0	5	1	4	2	4	5	0	0	4
OTU800	0	0	1	1	4	5	0	1	0	0	6	6
OTU1261	0	1	0	1	0	2	1	2	0	0	2	0
OTU1050	3	1	0	1	0	0	0	0	0	0	2	0
OTU1094	0	0	0	0	2	6	5	4	2	0	5	4
OTU198	8	4	3	5	3	6	4	6	2	7	17	8
OTU1873	1	0	0	0	0	1	1	0	1	3	0	0
OTU1342	2	1	1	0	1	0	2	5	0	5	0	2
OTU451	1	4	2	4	0	6	3	2	2	4	2	0
OTU1885	10	6	0	4	0	6	6	7	7	9	1	2
OTU2108	0	0	0	0	0	0	0	0	0	0	1	1
OTU276	3	5	2	2	2	14	6	4	3	3	12	4
OTU374	6	19	3	9	11	18	6	12	7	11	49	31
OTU174	7	12	7	2	0	5	5	7	10	14	1	7
OTU862	3	2	1	1	0	0	3	0	0	4	0	0
OTU957	0	1	1	0	0	0	0	4	0	2	2	0
OTU516	3	1	1	0	0	0	1	0	1	0	2	1
OTU1151	1	2	1	1	1	1	1	0	0	0	2	2
OTU830	1	1	0	0	1	2	0	0	0	0	0	0
OTU1357	0	0	0	0	1	1	0	0	0	0	7	8
OTU1841	1	0	0	1	2	0	0	0	1	0	3	3
OTU639	4	3	2	4	2	4	1	4	6	2	5	3
OTU455	0	0	0	1	2	0	0	2	0	0	2	0
OTU200	4	2	5	6	9	14	3	7	1	0	23	23
OTU1463	0	1	1	0	0	0	5	1	3	1	0	0
OTU499	4	6	0	5	0	0	3	3	4	6	3	2
OTU1046	3	0	1	2	0	1	1	6	1	1	2	3
OTU798	0	0	0	0	0	3	0	1	0	0	2	2
OTU62	19	25	7	17	8	44	12	22	14	29	17	18
OTU579	3	5	0	1	2	5	2	4	0	2	0	2
OTU55	30	52	14	43	21	69	39	63	54	46	54	48
OTU572	4	5	0	3	0	2	1	1	3	5	0	2
OTU1367	4	4	1	3	0	0	3	4	14	6	0	0
OTU472	9	11	4	9	1	4	5	6	8	8	4	3
OTU160	7	10	1	7	5	9	5	9	2	5	2	4
OTU86	9	24	7	24	1	4	16	18	19	17	1	1
OTU214	1	5	2	5	6	13	0	6	1	4	26	37
OTU608	6	2	2	2	6	6	0	3	0	1	14	6
OTU116	11	7	6	17	11	22	6	7	3	2	26	23
OTU1445	1	0	0	0	0	0	0	0	0	0	0	0
OTU279	0	3	0	0	1	1	1	1	5	0	1	2
OTU837	2	3	2	1	2	5	1	2	2	3	2	2
OTU42	1	5	1	3	2	4	2	4	4	10	0	3
OTU1713	0	0	1	1	0	0	0	0	0	0	0	0
OTU1794	2	8	4	8	1	0	7	5	0	17	0	0
OTU389	3	6	2	1	4	4	3	6	1	12	12	8
OTU1304	0	9	0	1	0	3	3	7	2	0	6	4
OTU536	3	0	1	3	2	4	1	2	2	0	2	1
OTU1903	1	0	0	2	0	2	1	0	1	3	0	2
OTU1224	0	1	0	2	0	0	2	1	0	0	1	0
OTU1109	0	0	0	1	0	0	0	0	1	0	0	0
OTU2197	3	1	0	1	0	1	1	1	0	1	1	1
OTU2132	0	0	0	0	0	0	0	1	3	2	0	0
OTU1579	0	1	0	0	0	0	1	0	1	2	0	2
OTU532	7	4	4	4	0	7	4	7	8	4	11	4
OTU1012	2	0	1	1	0	0	0	0	1	0	0	0
OTU752	2	1	1	0	1	1	4	1	3	0	0	6
OTU207	0	0	0	0	1	0	0	0	0	0	1	0
OTU93	75	96	50	80	25	68	102	74	79	110	53	42
OTU104	41	42	19	37	21	60	27	48	37	37	47	52
OTU646	11	18	8	15	10	30	10	13	10	11	24	14
OTU344	11	5	7	7	9	7	7	5	4	5	3	9
OTU1174	16	13	11	11	7	10	17	10	11	11	5	4
OTU534	0	5	1	1	0	0	0	0	0	1	0	2
OTU7	24	4	20	1	28	1	57	10	115	17	23	8
OTU56	0	1	4	0	2	0	3	0	0	4	0	0
OTU1409	0	1	1	0	0	0	0	0	0	0	0	0
OTU265	7	18	1	2	1	0	6	5	0	4	1	1
OTU723	2	2	1	3	0	1	1	1	1	1	0	1
OTU61	12	5	5	3	12	6	2	0	0	8	5	0
OTU875	0	0	1	0	0	0	0	0	0	0	1	0
OTU358	2	0	0	0	26	0	1	0	0	0	0	0
OTU60	20	9	24	8	40	12	7	11	35	13	27	13
OTU2109	0	1	0	0	0	0	1	1	5	0	0	0
OTU1980	1	0	1	0	1	0	4	0	6	0	0	1
OTU718	2	1	0	0	3	2	1	3	4	0	0	1
OTU36	10	2	16	0	22	2	7	2	18	2	1	0
OTU1499	0	0	1	0	0	0	0	0	0	0	2	2
OTU87	4	3	2	1	14	6	4	7	9	0	15	13
OTU1948	3	2	1	0	2	3	1	0	0	0	8	0
OTU270	14	7	2	2	10	3	2	5	9	6	3	2
OTU11	236	59	76	47	222	73	90	115	224	109	108	124
OTU409	15	8	8	3	2	6	6	8	3	6	15	13
OTU49	0	1	2	0	8	0	0	1	6	0	2	0
OTU774	0	0	0	0	0	0	0	0	0	0	4	0
OTU949	27	21	16	27	15	14	32	43	24	45	20	20
OTU64	45	38	23	33	26	28	41	37	47	39	45	69
OTU1808	32	13	18	17	16	18	26	30	32	31	19	25
OTU90	3	8	6	1	3	5	3	0	4	8	0	4
OTU607	2	1	2	0	0	4	2	2	5	3	1	0
OTU959	1	3	0	0	0	0	4	4	8	4	0	0
OTU157	19	13	18	22	13	5	11	26	16	10	6	9
OTU92	32	26	6	8	21	27	19	26	18	28	41	61
OTU750	3	2	2	3	1	3	8	6	9	6	7	6
OTU981	0	0	0	1	5	2	0	0	0	0	5	13
OTU1404	0	0	0	0	0	0	0	0	1	0	0	0
OTU314	7	4	4	14	0	2	11	7	15	31	0	0
OTU473	2	0	2	0	0	0	1	0	3	0	0	0
OTU388	0	0	0	0	0	0	0	0	1	0	0	0
OTU653	4	5	0	1	0	0	6	3	5	7	0	0
OTU1614	1	0	0	0	1	0	3	0	2	0	2	2
OTU393	10	9	14	12	9	9	11	21	13	30	11	11
OTU547	0	0	0	2	1	1	2	1	0	2	0	0
OTU50	53	45	52	33	19	32	35	48	63	52	45	38
OTU1420	0	0	0	0	0	0	0	0	0	2	0	0
OTU188	5	7	6	9	5	9	12	9	9	8	13	17
OTU139	39	36	17	19	11	12	41	30	35	35	22	10
OTU1593	6	7	0	1	0	2	0	4	1	1	0	0
OTU209	10	13	4	11	10	23	8	11	20	19	30	24
OTU2150	0	1	0	0	0	0	2	0	0	0	2	0
OTU59	32	29	12	22	11	11	41	36	35	23	57	45
OTU1218	12	6	6	3	6	7	13	6	5	7	17	12
OTU217	11	10	7	4	7	10	21	1	12	14	10	23
OTU212	13	6	8	3	5	5	25	13	9	13	11	17
OTU445	1	1	0	0	0	0	1	2	0	1	2	1
OTU603	0	0	0	0	3	2	0	1	1	0	2	6
OTU195	11	10	7	9	4	19	12	9	13	8	27	13
OTU354	5	4	5	1	2	4	5	2	2	0	0	8
OTU852	0	0	0	0	3	0	1	1	0	2	3	4
OTU89	9	5	2	15	2	9	15	12	8	8	6	6
OTU855	0	0	3	0	0	0	0	1	0	2	0	1
OTU396	0	0	0	0	1	0	2	1	0	0	0	0
OTU576	0	1	0	2	2	0	1	0	0	0	3	5
OTU150	17	13	2	10	1	0	21	15	8	23	0	0
OTU403	13	14	5	8	0	0	15	9	6	15	1	0
OTU905	3	0	0	0	1	3	1	2	0	3	15	21
OTU435	4	7	3	0	6	5	3	6	12	2	9	14
OTU310	6	3	5	13	13	38	9	17	6	22	26	34
OTU1433	0	0	0	0	0	0	0	0	4	0	0	0
OTU915	1	1	4	3	2	5	0	1	0	0	0	1
OTU978	0	0	2	2	0	0	3	0	0	0	0	0
OTU1134	4	2	7	11	0	5	0	3	1	4	0	0
OTU638	3	1	1	1	0	0	4	3	0	1	0	2
OTU1240	2	1	0	0	0	1	1	1	4	3	0	0
OTU2082	0	0	0	1	1	0	0	0	0	0	0	0
OTU1531	0	0	0	0	0	0	0	0	0	0	1	2
OTU323	15	20	15	43	11	16	18	34	15	31	14	10
OTU421	1	2	3	0	1	0	1	1	0	0	1	2
OTU257	2	1	1	2	0	0	1	0	2	4	0	0
OTU1644	2	1	0	2	5	4	2	4	0	0	6	11
OTU2054	0	0	1	0	0	0	2	0	0	0	0	0
OTU91	15	29	27	25	21	42	34	13	9	22	13	23
OTU613	4	4	1	10	0	3	7	4	0	9	4	3
OTU668	0	2	2	2	0	1	2	0	0	3	0	0
OTU81	13	14	14	13	10	17	7	12	8	2	4	19
OTU1554	0	0	0	0	0	1	0	0	0	0	2	0
OTU553	3	7	11	21	12	20	7	9	3	11	5	10
OTU671	3	9	12	13	0	0	5	5	3	14	1	3
OTU373	1	5	3	1	1	2	4	5	3	8	0	0
OTU337	0	0	0	1	3	1	4	1	0	1	3	14
OTU465	10	18	10	17	4	8	10	20	6	12	10	11
OTU912	3	2	1	0	0	0	5	1	6	1	0	1
OTU1147	0	0	0	1	0	3	0	1	0	0	0	0
OTU675	2	2	2	11	2	14	1	5	5	2	3	8
OTU470	6	4	0	4	2	1	2	4	0	4	1	0
OTU914	0	0	0	0	0	0	0	1	1	0	0	0
OTU2100	0	1	0	1	1	0	0	0	2	0	1	0
OTU1710	2	1	1	8	0	3	3	10	0	12	5	1
OTU708	1	3	2	4	0	2	3	1	0	1	1	0
OTU1683	0	0	0	0	0	0	0	0	0	2	0	0
OTU929	0	0	0	0	0	1	0	0	0	0	0	0
OTU512	4	3	1	3	0	0	1	2	2	4	0	0
OTU678	3	5	7	8	3	8	1	2	2	4	5	2
OTU464	7	4	4	12	9	13	1	2	0	4	5	7
OTU2020	10	14	6	14	4	4	3	18	7	10	2	9
OTU897	5	4	3	8	0	1	2	2	0	3	0	0
OTU975	1	1	0	0	0	0	0	0	0	0	0	0
OTU514	4	8	2	11	2	0	8	8	2	2	0	0
OTU519	1	1	1	4	0	0	1	1	0	0	0	0
OTU2161	0	0	0	3	3	4	0	0	0	0	0	1
OTU1364	0	0	0	0	0	0	0	0	0	0	2	2
OTU880	3	1	1	1	0	0	1	1	0	5	3	0
OTU993	0	0	0	0	4	3	0	0	0	0	9	13
OTU1819	3	2	2	7	5	3	0	6	2	1	8	4
OTU689	5	1	1	0	0	0	1	0	0	1	0	0
OTU1451	1	2	0	6	1	10	1	1	0	4	2	3
OTU890	0	1	0	3	0	0	0	4	2	3	2	0
OTU1728	1	0	0	0	0	0	0	0	0	2	0	0
OTU819	3	2	0	1	1	1	0	3	0	5	4	5
OTU1743	0	1	1	0	0	0	1	1	4	0	0	1
OTU1453	0	0	0	0	0	0	3	0	0	1	0	0
OTU1910	0	0	1	3	1	0	0	1	1	0	0	17
OTU1157	1	0	0	0	0	0	0	0	0	2	5	1
OTU636	3	1	4	0	0	0	0	0	0	0	0	0
OTU1317	3	0	0	0	1	0	2	0	0	2	2	3
OTU1477	0	0	1	4	3	5	1	0	2	1	4	2
OTU1155	4	4	0	0	0	0	8	4	2	15	4	0
OTU517	12	7	0	18	1	11	14	10	18	13	14	22
OTU1592	2	5	1	1	0	0	2	2	0	3	0	0
OTU2094	1	2	1	0	0	0	1	0	0	3	3	0
OTU2040	0	0	0	0	0	1	0	1	0	0	2	0
OTU501	1	1	1	0	0	0	3	2	0	2	0	0
OTU2077	0	0	0	8	0	1	0	2	2	2	0	0
OTU1390	0	0	0	0	1	0	0	0	0	0	0	1
OTU1090	0	0	0	0	1	2	0	0	0	0	3	4
OTU1032	1	2	1	1	0	0	1	1	0	0	0	1
OTU2114	2	0	1	0	3	2	4	0	0	0	3	3
OTU230	11	10	4	17	11	24	9	13	10	9	14	30
OTU456	5	1	3	26	7	21	2	9	7	2	20	16
OTU824	2	5	0	4	1	8	3	6	1	3	4	5
OTU1320	1	0	0	2	5	9	0	0	0	0	13	14
OTU239	8	4	6	18	8	13	5	8	2	8	12	21
OTU1475	5	3	0	6	0	7	5	4	2	5	4	0
OTU247	8	7	7	6	7	9	7	4	0	5	1	5
OTU772	9	9	3	5	4	19	2	6	7	3	7	13
OTU1284	0	0	0	0	4	2	0	0	0	0	1	4
OTU621	5	0	5	2	3	4	0	0	0	0	3	1
OTU356	10	4	2	6	7	12	4	4	3	1	6	9
OTU745	2	3	1	3	6	16	5	0	0	4	34	12
OTU724	1	1	0	1	4	0	6	2	2	1	0	2
OTU1623	3	0	2	0	5	1	0	2	0	4	5	0
OTU1469	0	0	0	0	0	0	0	0	0	0	3	3
OTU892	0	0	0	0	0	4	0	0	0	0	8	1
OTU1402	8	5	1	2	0	0	8	2	0	3	0	0
OTU549	0	1	0	2	3	11	0	3	0	3	14	8
OTU1429	5	5	2	7	0	2	8	6	2	2	0	2
OTU1326	0	0	0	1	4	1	0	0	0	0	2	5
OTU1606	0	1	1	0	1	0	1	0	0	0	0	0
OTU1824	2	1	3	6	0	5	2	5	0	0	3	5
OTU416	2	6	7	9	2	1	4	10	3	14	0	1
OTU924	4	5	2	6	11	30	1	2	0	5	16	23
OTU1639	2	1	0	0	0	0	0	0	0	0	0	0
OTU1480	0	0	0	0	0	0	0	1	0	0	0	0
OTU1651	2	0	0	0	0	4	0	0	0	0	2	3
OTU592	3	0	2	3	3	4	0	0	9	3	2	8
OTU543	0	3	0	2	0	1	1	0	3	0	1	1
OTU537	4	4	4	9	0	1	5	4	1	4	1	3
OTU190	17	13	5	24	5	16	12	25	20	11	4	11
OTU490	1	6	0	2	1	13	4	9	8	4	7	2
OTU616	0	0	0	1	5	3	0	0	0	0	1	4
OTU1611	1	2	0	3	2	6	0	1	0	0	4	2
OTU652	5	3	7	3	4	14	3	7	4	1	19	21
OTU1634	2	4	0	5	0	5	2	1	0	4	1	2
OTU617	1	6	0	1	0	5	1	1	2	0	0	1
OTU784	2	4	0	3	5	10	1	4	0	5	5	10
OTU1858	0	0	2	0	0	1	1	0	0	0	0	0
OTU350	24	19	11	8	2	1	19	18	12	19	0	2
OTU565	5	5	5	3	3	1	2	1	3	0	0	0
OTU1138	2	1	1	1	0	1	0	3	0	3	1	0
OTU1085	0	0	4	2	0	7	1	0	0	1	4	4
OTU1982	0	1	0	0	0	0	0	3	1	0	0	0
OTU660	2	7	2	2	2	1	6	7	4	11	3	5
OTU494	3	2	0	0	1	3	1	0	2	0	0	0
OTU1014	1	6	2	3	1	0	3	1	5	3	0	0
OTU1086	5	4	1	2	4	4	3	5	0	1	0	5
OTU1444	2	2	1	1	1	2	2	4	3	1	11	8
OTU1912	2	0	0	1	2	0	2	0	0	0	0	0
OTU2076	0	0	0	1	0	0	0	2	0	4	0	0
OTU815	0	0	2	0	2	8	1	2	5	0	7	1
OTU2002	0	0	0	0	0	0	0	0	3	0	3	4
OTU1624	4	3	0	1	0	0	0	1	0	0	0	0
OTU1194	1	7	0	1	1	1	2	1	1	1	0	1
OTU1313	0	0	0	0	0	0	0	0	0	0	1	0
OTU909	1	2	0	1	0	0	0	0	0	4	0	0
OTU1744	1	0	0	2	0	3	0	0	0	0	2	0
OTU1537	5	8	2	3	0	0	5	4	7	8	0	2
OTU446	24	22	20	35	9	25	19	39	20	32	21	14
OTU700	4	6	4	2	0	2	4	5	1	2	3	3
OTU391	3	5	0	10	1	6	2	2	2	4	4	16
OTU1641	1	2	0	2	3	4	0	0	0	0	0	1
OTU1598	2	6	3	4	1	3	3	3	4	4	2	5
OTU1905	1	1	0	1	5	5	1	1	1	1	1	2
OTU1995	1	1	2	4	0	0	0	9	0	5	1	2
OTU1821	0	0	0	1	0	1	0	0	0	1	0	0
OTU612	0	2	0	1	0	0	4	1	2	4	0	0
OTU550	2	0	0	3	0	1	0	1	4	0	0	0
OTU1044	1	2	0	2	0	2	0	0	0	0	0	0
OTU447	20	13	7	30	7	22	38	22	34	19	17	11
OTU168	8	8	4	14	0	14	7	4	11	8	7	2
OTU1460	4	2	0	3	0	0	3	5	5	1	0	0
OTU1800	0	1	0	3	0	0	0	0	3	1	0	0
OTU486	1	4	2	4	0	0	1	3	0	0	0	0
OTU2018	3	1	0	3	0	0	1	6	4	5	0	0
OTU662	9	10	4	7	1	4	9	4	2	7	0	0
OTU1247	0	2	0	1	0	0	0	3	0	3	2	1
OTU686	3	4	3	10	4	17	2	2	8	4	6	8
OTU787	2	3	0	5	0	2	0	1	0	4	7	2
OTU657	1	1	4	2	2	0	3	3	0	3	1	0
OTU2083	1	3	1	3	0	0	0	2	0	1	0	1
OTU427	4	4	2	8	2	9	2	7	5	4	10	6
OTU555	0	2	0	3	0	0	2	2	0	1	0	0
OTU448	5	3	4	4	0	0	0	2	3	1	0	0
OTU330	7	3	2	1	0	0	4	2	1	5	0	0
OTU224	2	6	0	3	0	0	4	4	1	9	0	0
OTU234	3	4	9	5	0	1	3	2	0	1	0	0
OTU454	1	2	5	1	0	0	0	5	0	2	0	0
OTU202	3	8	8	2	0	1	6	5	2	1	0	0
OTU522	2	0	1	2	1	0	1	0	0	1	0	1
OTU1556	1	1	1	1	0	0	1	0	0	7	0	0
OTU258	8	7	3	6	0	0	3	6	1	8	0	0
OTU594	1	0	1	3	0	0	4	0	0	0	0	0
OTU777	0	0	0	1	0	0	1	0	0	0	0	0
OTU115	12	18	6	14	0	2	13	14	9	22	0	0
OTU208	1	6	0	0	0	0	3	3	1	5	0	0
OTU134	10	10	6	7	3	2	6	3	0	1	0	0
OTU302	1	0	6	3	2	2	0	0	4	1	0	0
OTU1097	0	0	0	0	0	2	0	0	0	0	4	2
OTU422	2	2	0	7	0	4	6	9	0	2	4	0
OTU2058	0	0	0	0	0	1	0	0	0	0	3	5
