#OTU ID	Bn25	Bn26	Bn29	Bn30	Bn33	Bn34	Bn61	Bn62	Bn65	Bn66	Bn69	Bn70
OTU759	0	3	0	1	0	4	0	6	0	8	0	0
OTU1268	0	0	0	0	0	0	0	1	0	0	0	0
OTU1203	0	0	0	0	0	0	0	3	0	0	0	0
OTU1769	0	0	2	0	1	0	0	0	0	0	0	0
OTU2212	0	0	0	0	0	0	0	1	0	0	0	0
OTU1629	0	1	0	0	0	0	0	3	0	1	0	0
OTU291	4	0	1	0	72	0	0	0	6	1	0	0
OTU2111	0	0	0	1	0	0	0	0	0	0	0	0
OTU1679	0	0	0	0	0	1	0	0	0	0	0	0
OTU904	0	0	0	0	6	0	0	0	1	0	0	0
OTU1851	0	0	0	0	1	0	0	0	0	0	0	0
OTU1762	0	0	0	0	0	0	0	0	1	0	2	0
OTU1131	0	0	0	0	5	0	1	0	1	0	3	0
OTU1690	0	0	0	0	0	0	0	0	0	0	3	0
OTU1803	0	0	0	2	0	0	0	0	0	0	0	0
OTU2008	0	0	0	0	0	0	0	4	0	0	0	0
OTU889	0	0	0	1	0	0	0	0	0	0	0	0
OTU1804	0	0	0	0	0	0	5	0	0	0	0	0
OTU1878	0	0	0	1	0	0	0	0	0	0	0	0
OTU88	30	29	41	22	134	28	154	7	107	27	162	23
OTU769	0	0	0	0	0	0	0	0	0	4	0	0
OTU95	111	118	155	135	38	121	29	35	63	4	30	166
OTU2123	0	0	0	0	0	0	0	2	0	1	0	1
OTU1223	2	0	0	1	0	0	0	0	0	0	1	0
OTU900	0	0	0	0	0	0	0	1	0	0	0	0
OTU2137	0	0	0	0	0	0	0	0	0	2	0	0
OTU1781	0	0	0	0	0	0	0	0	0	0	0	1
OTU1472	0	3	0	0	0	0	0	0	0	0	0	0
OTU656	0	0	0	0	0	0	0	0	0	0	0	1
OTU355	0	0	0	0	0	0	0	2	0	4	0	0
OTU529	0	0	0	0	0	0	0	1	0	0	0	0
OTU658	0	0	0	0	0	1	0	2	0	0	0	0
OTU936	0	0	0	0	0	0	0	0	0	0	0	1
OTU2069	0	0	0	0	0	0	0	0	0	3	0	0
OTU2198	0	0	0	0	0	0	0	0	0	2	0	2
OTU1722	0	0	1	0	0	0	0	0	0	0	0	0
OTU849	0	1	0	1	0	0	0	0	0	0	0	2
OTU1128	0	0	0	0	0	0	0	2	0	0	0	0
OTU1969	0	0	0	0	0	0	0	1	0	0	0	0
OTU812	0	0	0	0	0	0	0	2	0	1	0	0
OTU632	0	0	0	0	0	0	0	0	0	1	0	0
OTU836	0	0	0	1	0	0	0	2	0	0	0	0
OTU803	0	2	1	0	0	1	0	4	0	0	0	2
OTU802	0	2	0	0	0	1	0	0	0	3	0	0
OTU535	0	0	0	0	0	0	0	0	0	1	0	4
OTU1156	0	1	1	0	0	0	0	1	0	0	0	0
OTU1505	0	2	1	2	0	0	0	0	0	3	0	4
OTU666	0	1	1	1	0	2	0	2	0	3	0	0
OTU343	0	0	0	0	0	0	0	1	0	0	0	1
OTU1944	0	0	0	0	0	0	0	1	0	1	0	0
OTU633	0	0	0	0	0	0	0	1	0	4	0	0
OTU318	0	0	0	0	0	0	0	1	0	0	0	0
OTU436	0	3	0	3	0	1	0	6	0	17	0	47
OTU1907	0	0	0	1	0	0	0	2	0	0	0	2
OTU541	0	0	0	0	0	0	0	0	0	3	0	0
OTU1123	0	1	0	2	0	0	0	20	0	19	0	0
OTU635	0	5	0	5	0	12	0	8	0	23	0	19
OTU39	1	22	265	26	12	38	1	29	0	16	11	42
OTU99	0	53	0	56	0	44	0	30	0	47	1	274
OTU192	0	15	0	7	3	15	3	9	22	4	6	1
OTU80	0	22	0	20	0	18	0	89	0	93	0	8
OTU255	0	12	0	14	0	15	0	71	0	90	0	45
OTU349	0	5	0	0	0	1	0	3	0	3	0	1
OTU250	0	2	0	0	0	3	0	17	0	8	0	9
OTU771	69	6	11	7	47	5	19	10	22	45	15	19
OTU1806	0	0	0	0	0	0	0	6	0	0	0	0
OTU223	13	20	17	21	171	25	53	102	59	118	56	120
OTU45	83	73	158	101	7	121	4	7	2	0	0	5
OTU902	16	19	8	14	54	30	51	28	65	39	63	16
OTU2140	0	0	0	0	0	1	0	1	0	0	0	2
OTU47	7	226	5	219	66	270	50	14	11	15	24	8
OTU1507	0	2	0	0	0	0	0	0	0	0	0	0
OTU1117	2	0	0	0	1	0	0	0	0	0	0	0
OTU1100	32	4	9	2	74	6	42	5	23	16	22	5
OTU1920	0	1	29	0	0	7	2	4	3	0	23	0
OTU648	26	0	16	0	2	0	0	0	0	0	0	1
OTU66	82	29	36	34	26	30	63	21	47	4	110	22
OTU269	4	7	0	13	0	8	0	50	3	73	0	33
OTU1080	0	7	0	7	0	7	0	53	0	39	0	48
OTU397	0	7	0	1	0	4	0	46	0	42	0	15
OTU352	1	0	0	3	7	0	7	2	0	15	0	4
OTU2001	0	7	0	5	0	4	0	12	0	16	0	15
OTU1975	0	0	0	0	0	0	0	0	0	0	0	2
OTU1428	0	0	0	1	0	0	0	9	0	17	0	2
OTU859	0	0	0	0	0	2	0	5	0	5	0	3
OTU1102	0	2	0	1	0	2	0	9	0	6	0	11
OTU440	0	5	0	1	0	7	0	12	2	46	0	0
OTU76	37	2	6	0	17	1	21	10	53	0	27	2
OTU129	14	0	15	0	5	0	18	10	19	2	4	0
OTU213	0	13	33	6	2	15	0	3	0	0	2	0
OTU2208	5	0	7	0	11	3	23	2	14	0	10	1
OTU278	0	0	0	0	1	1	0	2	0	2	0	0
OTU1300	0	0	0	0	0	0	0	0	0	0	0	6
OTU1195	0	0	0	2	0	1	7	0	0	3	0	0
OTU1033	0	0	0	0	0	0	0	0	0	1	0	0
OTU97	0	3	0	3	0	1	0	0	0	0	0	0
OTU185	24	15	0	14	1	12	0	23	0	0	10	2
OTU38	198	14	33	23	6	21	15	67	4	0	157	3
OTU98	10	195	1	168	0	227	0	4	3	27	3	2
OTU1613	0	3	4	1	0	3	0	23	0	1	1	2
OTU25	1368	181	156	152	51	165	0	1	8	0	107	8
OTU32	557	432	98	441	31	400	148	172	61	48	396	66
OTU154	0	101	1	91	0	114	0	22	0	0	0	4
OTU365	0	0	0	0	0	0	0	0	0	3	0	0
OTU1417	28	0	2	0	1	0	0	0	0	0	14	4
OTU1856	0	0	0	1	0	0	0	1	0	0	0	0
OTU15	13	803	6	954	2	919	4	7	4	6	6	162
OTU29	177	183	88	195	104	211	400	15	195	7	309	227
OTU2065	0	16	0	13	0	16	2	3	0	4	0	44
OTU2022	0	7	0	4	0	7	0	2	0	0	1	1
OTU18	261	684	349	680	93	659	149	319	241	24	340	789
OTU2006	0	0	0	0	0	0	0	0	0	0	0	1
OTU2013	0	0	0	0	0	0	0	1	0	0	0	0
OTU1219	0	1	1	1	1	0	0	0	0	0	0	0
OTU1260	0	0	0	0	1	0	0	0	0	0	0	0
OTU1189	0	3	0	0	0	0	0	2	0	0	0	0
OTU1169	0	0	0	1	0	0	0	0	0	0	0	0
OTU1628	0	0	0	0	0	2	0	0	0	0	0	0
OTU1293	0	5	0	4	0	5	0	1	0	6	0	1
OTU146	0	65	0	54	0	66	0	0	0	0	0	0
OTU33	0	76	617	55	21	71	19	6	303	9	1	8
OTU1187	0	0	0	0	0	0	0	0	0	0	0	2
OTU1167	0	0	0	0	0	0	0	0	0	0	0	10
OTU1250	0	0	0	0	0	0	0	0	0	14	0	26
OTU400	0	3	0	0	0	0	0	2	0	3	0	0
OTU319	0	1	0	0	0	3	0	15	0	45	0	0
OTU622	0	0	0	0	0	0	0	0	0	2	0	0
OTU1820	0	0	0	0	0	0	0	1	0	0	0	0
OTU458	0	0	0	0	0	1	0	4	0	3	0	0
OTU727	0	2	0	8	0	7	0	14	0	7	0	2
OTU156	488	0	60	0	30	0	34	0	45	7	91	65
OTU20	176	568	102	563	34	613	67	336	86	10	114	224
OTU591	0	0	0	2	0	0	0	0	0	0	0	0
OTU1977	0	0	0	0	0	0	0	0	0	0	0	1
OTU2147	0	7	0	9	0	3	0	17	0	21	0	11
OTU165	0	2	0	4	1	1	0	4	0	5	0	3
OTU1552	0	0	0	1	0	0	0	0	0	0	0	0
OTU333	0	0	0	2	0	2	0	3	0	3	0	20
OTU1334	2	3	0	1	0	4	0	2	0	0	0	0
OTU746	0	1	0	1	0	2	0	6	0	6	0	3
OTU1645	0	0	0	0	0	0	0	0	0	2	0	10
OTU544	0	0	0	0	0	0	0	2	0	2	0	2
OTU425	0	3	0	2	0	5	0	9	0	8	0	93
OTU237	0	0	0	3	0	5	0	15	1	21	0	10
OTU229	0	6	0	11	0	6	0	96	0	147	0	13
OTU384	0	0	0	0	0	0	0	0	0	3	0	0
OTU1685	0	3	0	6	0	3	0	6	0	4	0	7
OTU1246	0	0	0	0	0	0	0	4	0	0	0	0
OTU159	0	4	0	7	2	15	0	82	0	50	0	147
OTU1991	0	3	0	0	0	1	0	17	0	19	0	5
OTU773	0	3	0	0	0	2	0	27	0	13	0	6
OTU589	0	0	0	0	0	0	0	1	0	0	0	0
OTU204	0	1	0	0	0	4	0	3	0	2	0	3
OTU559	0	0	0	0	0	1	0	2	0	1	0	3
OTU362	0	0	0	0	21	0	0	0	0	0	0	0
OTU1754	0	0	0	0	1	0	0	0	0	0	3	0
OTU1120	0	0	0	0	0	0	0	4	0	2	0	0
OTU2131	0	2	0	2	0	2	0	0	0	0	0	0
OTU2098	0	0	0	0	0	0	0	1	0	0	0	0
OTU782	0	0	0	0	0	0	0	2	0	0	0	0
OTU1514	0	2	0	1	0	0	0	0	0	0	0	0
OTU1104	0	2	0	2	0	2	0	1	0	6	0	7
OTU500	0	12	0	20	0	16	0	55	1	39	0	22
OTU133	0	1	0	7	0	3	0	27	0	11	0	1
OTU687	0	0	0	1	0	0	0	5	0	2	0	0
OTU187	0	4	0	0	0	7	0	19	0	19	0	10
OTU301	0	4	0	1	0	5	0	38	0	18	0	21
OTU826	0	1	0	3	0	0	0	0	0	1	0	0
OTU205	1	2	0	2	0	9	0	19	0	24	0	12
OTU68	6	35	1	23	0	39	0	81	1	95	2	67
OTU753	0	0	0	1	0	0	0	0	0	0	0	3
OTU390	35	3	8	3	22	2	16	6	8	21	3	4
OTU21	196	60	108	69	149	61	105	4	128	11	55	6
OTU651	2	0	0	5	0	0	0	2	0	2	0	3
OTU634	0	2	0	1	0	1	0	3	0	3	0	0
OTU946	0	5	0	2	0	0	0	7	0	8	0	1
OTU1787	0	0	0	0	0	0	0	0	0	6	0	0
OTU105	0	1	0	0	0	4	0	33	5	35	0	16
OTU140	0	3	0	4	0	0	0	8	0	18	0	0
OTU122	0	1	0	0	0	0	0	0	0	0	0	0
OTU1296	0	0	0	0	0	1	0	0	0	0	0	0
OTU1729	0	0	0	0	0	0	0	0	0	1	0	0
OTU1266	0	0	0	0	0	0	0	2	0	0	0	0
OTU835	0	0	0	0	0	2	0	3	0	0	0	0
OTU1998	0	0	0	0	0	0	0	0	0	0	0	2
OTU186	0	0	0	0	0	0	0	1	0	5	0	2
OTU233	0	1	0	2	0	5	0	7	0	4	0	6
OTU158	0	0	0	0	0	2	0	1	0	1	0	0
OTU117	0	21	0	32	0	28	0	66	0	87	0	112
OTU119	0	24	0	21	0	19	0	83	0	93	0	13
OTU548	0	1	0	0	0	1	0	0	0	0	0	5
OTU1935	0	1	0	0	0	0	2	5	1	1	0	0
OTU176	0	0	2	0	22	0	6	6	7	2	4	0
OTU567	0	0	0	0	0	0	0	4	0	0	0	0
OTU293	0	0	0	0	0	0	0	1	0	0	0	0
OTU113	11	0	54	1	33	1	21	0	9	0	35	0
OTU311	0	0	0	0	0	0	0	1	0	2	0	0
OTU2185	0	1	0	0	0	1	0	3	0	0	0	0
OTU575	0	6	0	2	0	8	0	6	0	5	0	2
OTU375	0	0	0	0	0	0	0	0	0	1	0	0
OTU984	0	0	0	0	0	0	0	1	0	0	0	0
OTU107	0	1	0	0	0	0	0	1	0	4	0	1
OTU267	0	0	0	0	0	2	0	0	0	2	0	0
OTU1929	0	4	3	4	8	0	6	4	0	8	0	52
OTU527	5	0	28	0	2	1	17	2	18	0	32	1
OTU71	0	29	1	32	0	32	0	132	1	189	0	79
OTU1857	3	0	0	0	0	0	0	0	6	0	0	2
OTU2096	0	0	0	0	0	0	0	0	0	0	0	2
OTU51	53	8	66	12	56	19	53	29	45	67	37	36
OTU121	3	1	50	7	3	3	0	2	1	0	1	0
OTU747	0	2	0	0	0	1	0	2	0	0	0	0
OTU378	0	2	0	0	0	0	0	14	0	18	0	0
OTU976	0	0	0	0	0	0	0	0	0	0	0	2
OTU102	0	5	0	7	0	6	0	17	0	33	0	66
OTU306	0	0	0	0	0	0	0	0	1	0	0	0
OTU383	0	2	0	0	0	0	0	3	0	5	0	1
OTU676	0	2	0	1	0	1	0	1	0	10	0	30
OTU338	0	1	0	5	0	1	0	9	0	25	0	10
OTU178	0	0	0	0	0	0	0	0	0	0	0	2
OTU23	0	1	3	5	0	0	0	16	0	18	1	0
OTU1370	0	0	0	0	0	0	0	0	0	0	0	2
OTU1221	0	0	0	0	0	0	0	0	0	1	0	0
OTU593	0	0	0	0	0	0	0	1	0	1	0	0
OTU172	0	0	0	0	0	0	0	1	0	5	0	0
OTU227	0	2	0	8	1	1	0	14	0	25	0	9
OTU35	0	1	2	0	1	3	2	8	0	7	1	0
OTU726	0	0	0	0	0	1	0	0	0	0	0	0
OTU1196	0	2	0	1	0	2	0	4	0	1	0	1
OTU1232	0	0	0	0	0	1	0	4	0	2	0	0
OTU240	0	0	0	0	0	0	0	3	0	2	0	2
OTU162	16	5	0	3	4	15	1	19	9	16	4	14
OTU16	1	65	0	83	0	72	0	366	0	454	0	119
OTU1522	19	0	28	1	38	0	113	2	120	7	42	4
OTU244	6	19	2	17	6	14	4	8	1	8	8	32
OTU1892	2	0	1	0	3	0	7	3	9	3	6	1
OTU1691	0	0	0	0	3	0	2	0	13	2	1	0
OTU1332	2	0	0	0	2	0	6	6	6	0	3	2
OTU67	0	0	0	1	0	0	0	1	0	0	0	0
OTU714	0	0	0	1	0	0	0	1	0	0	0	0
OTU1456	0	2	0	0	0	0	0	0	0	1	0	0
OTU142	0	1	0	0	0	0	0	0	0	1	0	6
OTU1027	1	0	0	0	2	0	2	0	1	4	0	5
OTU285	0	0	0	0	0	0	0	0	0	8	0	2
OTU964	0	1	0	0	0	1	3	3	0	6	0	0
OTU24	130	53	67	64	31	53	247	58	96	52	107	68
OTU277	0	2	0	6	0	6	0	38	0	24	0	1
OTU429	0	1	0	1	0	0	0	0	0	3	0	4
OTU179	0	0	0	1	0	0	0	0	0	6	0	0
OTU821	0	0	0	0	0	1	0	1	0	3	0	2
OTU145	0	16	0	14	0	13	0	47	0	62	0	108
OTU669	0	0	0	0	0	0	0	1	0	2	0	0
OTU231	0	0	0	0	0	0	0	1	0	0	0	0
OTU2015	0	0	0	0	0	0	0	3	0	0	0	0
OTU268	0	0	0	0	0	2	0	10	0	1	0	0
OTU100	0	15	0	4	1	12	0	43	0	73	0	61
OTU12	198	57	519	38	32	37	2	12	3	4	47	2
OTU4	1169	180	554	212	608	210	568	242	769	117	724	306
OTU1075	4	1	1	0	1	0	0	0	1	0	0	0
OTU1038	0	17	0	6	0	18	0	17	3	0	1	2
OTU37	76	146	46	121	52	84	33	59	23	97	21	48
OTU251	2	0	2	0	4	3	18	10	14	17	7	4
OTU1184	12	1	34	2	60	2	147	0	127	1	111	0
OTU1814	0	0	0	0	1	0	0	0	1	0	0	0
OTU1425	2	0	17	1	88	2	24	2	23	3	9	1
OTU17	20	2	28	3	629	1	94	5	52	7	57	0
OTU149	0	6	0	9	0	9	0	35	0	59	0	18
OTU1341	0	0	0	0	0	0	0	0	0	2	3	1
OTU1972	0	0	0	0	0	0	0	0	0	0	2	0
OTU31	55	64	36	71	101	50	183	146	95	205	91	122
OTU2046	0	0	1	0	0	0	0	1	0	3	0	0
OTU1615	14	1	57	0	81	0	182	2	136	12	145	4
OTU3	204	22	325	17	935	15	1405	28	1947	45	1693	29
OTU1545	0	0	2	3	19	1	3	0	5	12	1	22
OTU419	0	0	0	0	0	0	0	1	0	3	0	3
OTU428	0	1	0	0	0	0	0	0	0	0	0	0
OTU77	2	1	5	4	87	4	44	1	26	6	16	5
OTU1141	3	0	1	0	2	0	2	1	1	0	0	2
OTU439	0	1	0	1	0	3	0	1	0	1	0	0
OTU571	0	1	0	0	2	2	1	3	0	3	1	0
OTU1890	0	2	0	0	0	3	0	1	0	0	0	0
OTU34	0	21	1	7	0	18	0	33	1	77	2	13
OTU220	0	7	0	6	5	12	6	35	7	50	0	19
OTU57	11	7	19	4	104	7	61	11	40	10	58	13
OTU628	0	1	0	0	0	0	0	0	0	3	0	43
OTU2032	0	0	0	1	0	2	0	6	0	3	0	0
OTU58	16	26	0	19	1	22	0	1	3	14	1	16
OTU128	13	0	0	0	24	0	12	0	13	2	7	0
OTU48	1	8	0	12	0	10	0	45	0	42	0	5
OTU222	0	3	0	5	0	3	0	7	0	10	0	3
OTU1607	0	0	0	0	0	0	0	0	0	0	0	1
OTU103	8	7	5	1	6	6	3	3	5	16	19	2
OTU1550	0	0	0	0	0	0	0	0	0	3	0	0
OTU1966	0	3	0	1	0	0	0	3	0	0	0	2
OTU1764	0	0	0	1	0	1	0	0	0	0	0	0
OTU831	0	0	0	1	0	0	0	0	0	0	0	36
OTU1581	0	1	0	1	0	0	0	0	0	0	0	0
OTU2074	0	0	0	0	0	0	0	0	0	1	0	0
OTU2240	0	0	0	0	0	0	0	0	0	2	0	0
OTU395	0	0	0	0	12	0	0	0	0	0	0	0
OTU1003	0	1	0	0	0	0	0	1	0	6	0	0
OTU596	0	0	0	0	0	0	0	1	0	0	0	0
OTU1626	0	0	0	0	0	0	0	1	0	0	0	0
OTU1132	0	0	0	0	0	0	0	1	0	0	0	0
OTU1346	0	0	0	0	0	1	0	0	0	0	0	0
OTU920	1	0	0	0	1	0	1	0	0	0	2	0
OTU1408	0	0	0	0	0	0	0	1	0	0	0	0
OTU1669	0	2	0	0	0	1	0	0	0	0	0	2
OTU1865	0	0	0	0	0	0	0	0	0	0	0	2
OTU1015	0	1	0	0	0	0	0	0	0	0	0	0
OTU1900	0	1	0	1	0	0	0	0	0	7	0	13
OTU1976	0	2	0	0	0	0	0	2	0	0	0	0
OTU1702	0	0	0	1	0	1	0	3	0	3	0	4
OTU865	0	0	0	0	0	0	0	0	0	1	0	0
OTU558	0	0	0	3	0	0	0	3	0	2	0	2
OTU823	0	0	0	0	0	0	0	1	0	0	0	0
OTU1546	0	0	0	2	0	0	0	0	0	0	0	0
OTU1830	0	0	0	1	0	0	0	4	0	0	0	0
OTU590	0	0	0	0	0	0	0	17	0	9	0	17
OTU794	0	0	0	1	0	0	0	18	0	15	0	2
OTU1442	0	0	0	0	0	0	0	0	0	3	0	0
OTU453	0	2	0	1	0	0	0	3	0	10	0	17
OTU1338	0	0	0	0	0	1	0	1	0	2	0	1
OTU2095	0	0	0	0	0	0	0	0	0	0	0	8
OTU2162	0	0	0	0	0	0	0	1	0	2	0	0
OTU1440	0	0	0	0	0	0	0	0	0	0	0	1
OTU1530	0	0	0	0	0	0	0	0	0	0	0	1
OTU1006	0	1	0	2	0	1	0	3	0	4	0	23
OTU69	0	14	0	19	0	16	0	256	0	316	0	7
OTU41	0	37	0	46	0	18	0	292	0	159	0	613
OTU1660	0	0	0	0	0	0	0	1	0	0	0	0
OTU1153	0	0	0	3	0	0	0	6	0	0	0	0
OTU611	0	2	0	0	0	1	0	0	0	0	0	1
OTU757	0	0	0	0	0	3	0	0	0	0	0	0
OTU1474	0	0	0	0	0	0	0	1	0	0	0	0
OTU1670	0	0	0	0	0	0	0	1	0	0	0	1
OTU1708	0	0	0	1	0	0	0	0	0	0	0	0
OTU1492	0	0	0	0	0	0	0	3	0	0	0	0
OTU599	0	3	0	0	0	0	0	10	0	11	0	0
OTU1583	0	0	0	0	0	0	0	0	0	1	0	9
OTU762	0	0	0	0	0	0	0	1	0	2	0	1
OTU336	0	5	0	5	0	7	0	22	0	24	0	45
OTU496	0	0	0	3	0	2	0	1	0	5	0	0
OTU1738	0	0	0	0	0	0	0	2	0	0	0	0
OTU1347	0	0	0	0	0	0	0	0	0	2	0	0
OTU2149	0	0	0	1	0	5	0	3	0	5	2	7
OTU1688	0	0	0	0	0	0	0	2	0	0	0	0
OTU1541	0	0	0	0	0	0	0	2	0	0	0	1
OTU780	0	0	0	0	0	0	0	2	0	3	0	0
OTU1479	0	1	0	1	0	1	0	7	0	5	0	1
OTU1684	0	3	0	2	0	2	0	4	0	3	0	1
OTU460	2	2	0	0	6	2	0	0	36	0	0	0
OTU935	0	5	0	0	0	4	0	25	0	9	0	0
OTU1901	0	0	0	0	0	0	0	0	0	2	0	0
OTU2099	0	0	0	1	0	0	0	0	0	0	0	0
OTU2225	0	0	0	0	0	0	0	0	0	0	0	1
OTU1056	0	0	0	0	0	0	0	1	0	0	0	0
OTU1288	0	0	0	0	0	0	0	0	0	5	0	1
OTU820	0	0	0	0	0	0	0	0	0	0	0	4
OTU411	0	0	0	0	0	0	0	0	0	1	0	0
OTU1524	0	0	0	0	0	1	0	0	0	0	0	0
OTU956	0	0	0	0	0	1	0	2	0	3	0	1
OTU2037	0	0	0	0	0	0	0	0	0	0	0	1
OTU2218	0	1	0	0	0	0	0	1	0	2	0	3
OTU1604	0	0	0	0	0	1	0	0	0	0	0	0
OTU907	0	0	0	0	0	0	0	1	0	1	0	0
OTU347	15	0	1	0	0	0	16	0	8	1	10	2
OTU2193	0	0	0	0	0	0	3	0	7	0	6	0
OTU581	2	0	4	0	5	0	3	0	12	0	6	0
OTU46	0	2	2	0	0	0	0	12	0	17	1	7
OTU248	0	0	0	0	0	0	0	1	0	0	0	0
OTU206	0	0	0	0	0	0	0	3	0	0	0	2
OTU1561	0	0	0	0	0	0	0	0	0	2	0	0
OTU449	0	0	0	0	0	1	0	0	0	1	0	0
OTU19	7	1197	0	1267	0	1052	0	161	0	114	1	118
OTU74	0	48	2	70	2	53	0	27	0	9	2	52
OTU520	0	15	1	11	3	17	0	0	0	0	0	0
OTU1791	0	0	0	0	0	0	0	1	0	0	0	0
OTU1405	0	3	0	0	0	0	0	2	0	0	0	1
OTU1987	1	2	0	1	12	0	2	1	4	0	9	0
OTU177	162	0	16	0	11	0	2	0	6	0	2	0
OTU610	0	0	0	0	0	1	0	0	0	0	0	0
OTU1079	0	2	0	0	0	0	0	1	0	0	0	0
OTU2213	0	0	0	0	0	0	0	1	0	0	0	0
OTU665	0	0	1	0	0	0	1	0	0	0	0	0
OTU1163	0	0	0	0	0	0	0	1	0	0	0	0
OTU531	0	0	0	0	0	0	0	2	0	0	0	0
OTU1714	0	0	0	0	0	0	0	0	0	2	0	0
OTU1904	0	0	0	0	0	1	0	0	0	0	0	0
OTU307	0	0	0	0	0	0	0	2	0	0	0	0
OTU1144	0	0	0	1	0	2	0	1	0	2	0	0
OTU1241	0	0	0	0	0	0	0	2	0	0	0	0
OTU917	0	1	0	4	0	1	0	7	0	15	0	0
OTU1265	0	0	0	0	0	0	0	0	0	1	0	0
OTU1897	0	0	0	0	0	0	0	1	0	1	0	0
OTU1793	0	0	0	2	0	0	0	0	0	0	0	0
OTU1576	0	1	0	0	0	0	0	0	0	0	0	0
OTU1378	0	0	0	0	0	0	0	0	0	0	0	1
OTU2203	0	0	0	0	0	0	0	0	0	0	0	2
OTU371	0	1	0	2	0	6	0	14	0	12	0	13
OTU193	0	4	0	3	0	0	0	38	0	21	0	12
OTU737	0	1	0	2	0	3	0	10	0	6	0	2
OTU807	0	0	0	0	0	0	0	0	0	0	0	4
OTU620	0	0	0	0	0	0	0	2	0	0	0	0
OTU407	0	1	0	0	0	0	0	1	0	0	0	0
OTU2207	0	1	0	0	0	0	0	0	0	0	0	0
OTU127	0	0	0	1	0	0	0	0	0	0	2	1
OTU322	0	0	0	0	0	0	0	0	0	0	0	1
OTU123	0	0	0	0	1	0	1	1	0	0	0	0
OTU661	0	0	0	0	0	0	0	3	0	0	0	0
OTU1709	0	0	0	0	1	0	0	0	0	0	0	0
OTU916	0	0	0	0	0	0	0	0	0	0	0	3
OTU96	0	3	0	1	0	0	0	6	0	2	0	1
OTU1638	0	1	0	0	0	0	0	0	0	2	0	0
OTU542	0	2	0	1	0	3	0	5	0	17	1	5
OTU368	0	0	0	0	0	0	0	3	0	5	0	2
OTU27	0	4	0	2	1	1	0	17	0	13	0	12
OTU876	0	0	0	4	0	0	0	0	0	0	0	0
OTU507	0	0	0	0	0	0	0	0	0	3	0	0
OTU1210	0	2	0	1	0	0	0	2	0	0	0	0
OTU2101	0	0	0	0	0	0	0	0	0	2	0	25
OTU1913	0	0	0	5	0	1	0	11	0	14	0	2
OTU698	0	1	0	1	0	6	0	8	0	8	0	2
OTU1671	0	0	0	0	0	2	0	7	0	1	0	0
OTU540	0	0	0	0	0	0	0	0	0	0	0	6
OTU1180	0	0	0	0	0	0	0	0	0	1	0	1
OTU580	0	1	0	0	0	0	0	9	0	1	0	0
OTU827	0	0	0	0	0	0	0	1	0	0	0	0
OTU615	0	0	0	0	0	0	0	1	0	0	0	0
OTU491	0	0	0	2	0	1	0	5	0	3	0	5
OTU137	0	0	0	4	0	1	0	7	0	5	0	0
OTU462	0	0	0	4	0	0	0	3	0	5	0	0
OTU614	0	0	0	4	0	0	0	1	0	2	0	0
OTU670	0	0	0	1	0	0	0	1	0	0	0	0
OTU144	0	0	0	0	0	0	0	2	0	0	0	0
OTU245	0	0	0	2	0	0	0	5	0	9	0	0
OTU1571	0	0	0	0	0	0	0	0	0	3	0	0
OTU1001	0	1	0	4	0	2	0	5	0	0	0	2
OTU1373	0	0	0	0	0	0	0	0	0	2	0	1
OTU426	0	1	0	0	0	3	0	2	0	0	0	0
OTU170	0	1	0	0	0	0	0	1	0	5	0	5
OTU481	0	2	0	0	0	2	0	3	0	10	0	1
OTU2181	0	3	0	0	0	0	0	0	0	0	0	0
OTU1930	0	0	0	1	0	0	0	0	0	2	0	0
OTU84	0	0	0	0	0	0	0	3	0	0	0	0
OTU733	0	0	0	0	0	0	0	1	0	0	0	0
OTU345	0	0	0	1	0	0	0	0	0	0	0	0
OTU434	0	0	0	0	0	0	0	0	0	3	0	0
OTU274	0	6	0	1	0	4	0	11	0	4	0	3
OTU1566	0	0	0	0	0	0	0	3	0	0	0	0
OTU943	0	0	0	0	0	0	0	6	0	4	0	0
OTU643	0	2	0	1	0	2	0	3	0	3	0	0
OTU1292	0	0	0	0	0	0	0	1	0	0	0	0
OTU216	0	6	0	2	0	4	0	6	0	18	0	28
OTU795	0	0	0	1	0	0	0	0	0	0	0	1
OTU2173	0	1	0	0	0	0	0	4	0	7	0	0
OTU793	0	1	0	0	0	0	0	1	0	0	0	0
OTU1673	0	0	0	1	0	0	0	5	0	0	0	0
OTU1941	0	0	0	0	1	0	0	0	0	0	0	0
OTU1399	0	0	0	0	0	0	0	1	0	0	0	0
OTU2189	0	0	0	0	0	0	0	2	0	0	0	0
OTU2110	0	0	0	1	0	0	0	0	0	0	0	1
OTU1129	0	1	0	0	0	0	0	3	0	8	0	0
OTU2121	0	1	0	0	0	0	0	1	0	0	0	0
OTU143	5	0	1	0	33	0	50	1	25	0	11	1
OTU114	9	0	29	0	78	0	161	0	276	0	127	0
OTU974	0	0	0	0	2	0	1	0	1	0	4	0
OTU2153	0	0	2	0	0	0	2	0	6	0	8	0
OTU2209	0	0	0	0	0	0	0	1	0	2	0	0
OTU850	0	0	0	0	0	1	0	0	0	0	0	1
OTU1847	0	1	0	2	0	0	0	2	0	1	0	0
OTU509	0	7	0	3	0	0	0	21	0	20	0	10
OTU1191	0	0	0	0	0	0	0	0	0	0	0	1
OTU703	0	8	0	4	0	6	0	21	0	7	0	5
OTU387	0	1	0	0	0	2	0	7	0	1	0	21
OTU325	0	5	0	3	0	5	0	0	0	4	0	38
OTU1642	0	0	0	0	0	0	0	0	0	0	0	8
OTU1473	0	0	0	0	0	0	0	0	0	0	0	1
OTU304	0	0	0	0	0	0	0	3	0	5	0	25
OTU1938	0	1	0	0	0	0	0	0	0	0	0	13
OTU595	0	1	0	0	0	0	0	2	0	8	0	15
OTU1719	0	1	0	1	0	0	0	0	0	5	0	0
OTU1589	0	0	0	0	0	0	0	0	0	0	0	7
OTU2141	0	0	0	0	0	0	0	0	0	0	0	1
OTU1842	0	0	0	1	0	3	0	0	0	0	0	7
OTU2010	0	0	0	0	0	0	0	0	0	0	0	2
OTU791	0	0	0	0	0	0	0	0	0	0	0	5
OTU627	0	0	0	2	0	0	0	0	0	0	0	3
OTU282	0	4	0	5	0	7	0	21	0	2	0	0
OTU327	0	3	0	0	0	1	0	2	0	4	0	3
OTU2011	0	0	1	0	0	0	0	1	0	0	0	0
OTU2089	0	0	0	0	0	0	0	0	0	0	0	8
OTU715	0	0	0	0	0	0	1	0	0	0	0	0
OTU259	0	10	0	10	1	10	0	5	2	22	5	11
OTU463	4	4	57	4	21	4	23	4	29	13	24	5
OTU28	175	40	46	30	348	38	260	11	196	24	153	32
OTU1092	0	0	0	0	0	0	0	0	1	0	0	0
OTU2146	0	0	0	0	10	0	0	0	0	2	0	0
OTU480	1	0	3	0	12	0	2	0	2	0	1	0
OTU663	0	0	0	0	6	0	1	0	5	5	2	0
OTU1749	0	0	0	0	0	0	0	0	0	0	0	3
OTU2155	0	0	0	0	0	3	0	0	0	0	0	1
OTU1597	0	0	0	0	0	0	0	0	0	5	0	0
OTU977	0	1	0	1	0	1	0	0	0	0	0	0
OTU792	0	1	0	0	0	0	0	0	0	0	0	0
OTU484	0	0	0	0	0	0	0	1	0	5	0	1
OTU1005	0	0	0	0	0	0	0	0	0	0	0	1
OTU1947	0	0	0	0	0	0	0	0	0	0	0	1
OTU645	0	0	0	0	0	0	0	0	0	0	0	1
OTU1122	0	3	0	0	0	4	0	3	0	6	0	5
OTU1171	0	1	0	0	0	0	0	4	0	5	0	2
OTU340	0	0	0	0	0	0	1	0	0	0	0	0
OTU1636	0	0	0	1	0	0	0	0	0	0	0	0
OTU1476	0	0	0	0	0	0	0	3	0	3	0	0
OTU1902	0	0	0	0	0	1	0	0	0	0	0	0
OTU688	0	0	0	0	0	0	0	10	0	10	0	5
OTU110	0	1	0	0	0	0	0	1	0	0	0	1
OTU1277	0	0	0	0	21	0	1	0	0	3	0	0
OTU637	0	2	2	1	21	3	1	3	3	5	1	6
OTU10	23	99	52	85	930	115	42	102	508	128	312	176
OTU6	86	137	1768	118	75	190	36	604	398	21	111	114
OTU1227	0	0	0	2	0	1	0	0	1	3	0	0
OTU1278	0	0	0	1	1	1	0	3	1	0	2	0
OTU392	0	0	0	0	0	1	13	0	18	2	0	0
OTU401	0	3	0	0	3	0	2	2	0	48	0	108
OTU525	0	0	0	0	0	0	0	1	0	0	0	0
OTU954	0	0	0	0	0	1	0	0	0	0	0	7
OTU83	0	0	109	0	46	1	42	0	10	1	52	0
OTU738	0	2	0	5	0	2	0	8	0	8	0	27
OTU1037	0	0	0	0	0	0	0	0	0	0	0	1
OTU175	0	0	0	0	53	0	0	0	0	0	0	0
OTU53	0	0	0	0	186	0	9	0	0	0	2	0
OTU2168	0	0	0	0	0	0	9	0	0	0	0	0
OTU1454	0	0	0	0	0	0	0	0	0	0	0	9
OTU82	2	1	1	0	1	3	14	1	6	0	16	22
OTU1767	0	0	0	0	0	0	3	0	19	0	46	0
OTU1755	0	0	0	0	0	0	0	0	0	0	15	0
OTU197	4	1	17	0	26	2	7	5	34	0	3	0
OTU54	4	76	4	65	17	64	15	0	2	0	39	0
OTU2091	0	0	0	0	0	0	0	0	1	0	0	0
OTU477	12	174	125	172	3	179	12	16	0	0	0	0
OTU22	0	6	287	3	13	5	5	1	0	0	108	0
OTU151	22	0	3	0	0	0	64	0	10	3	44	1
OTU75	16	2	6	0	63	0	14	5	33	12	3	4
OTU321	1	3	2	11	13	3	53	0	27	0	13	0
OTU1225	0	0	0	0	0	0	1	0	0	0	1	0
OTU289	23	5	49	8	38	7	133	13	58	1	171	2
OTU1960	1	0	6	0	0	0	4	0	0	0	1	0
OTU13	1093	19	127	17	81	15	96	0	26	4	48	0
OTU1063	1	0	0	0	0	0	0	0	0	0	0	0
OTU130	0	0	0	0	0	1	0	0	1	0	0	0
OTU5	64	1356	1266	1297	26	1311	9	155	0	11	191	7
OTU85	40	17	18	16	62	26	78	7	39	9	49	29
OTU1336	3	1	0	0	2	1	21	0	1	0	5	0
OTU1896	0	0	0	0	0	0	0	0	0	0	0	1
OTU126	0	0	0	0	42	1	0	2	0	0	0	0
OTU690	0	1	0	0	0	0	0	2	0	0	0	0
OTU342	0	1	0	0	0	1	0	13	0	33	0	4
OTU415	0	3	0	0	0	4	0	7	0	18	0	0
OTU271	0	0	0	2	0	0	0	13	0	9	0	0
OTU1832	0	0	0	0	0	1	0	0	0	4	0	0
OTU194	0	1	0	1	0	1	0	38	0	57	0	0
OTU710	0	2	0	0	0	4	0	3	0	15	0	0
OTU587	0	0	0	3	0	0	0	1	0	6	0	2
OTU305	0	0	2	0	9	0	5	0	1	0	0	0
OTU249	0	0	0	2	0	0	0	7	0	7	0	0
OTU1290	0	0	0	0	0	0	0	0	0	0	0	5
OTU9	49	22	60	34	550	28	272	12	165	23	147	18
OTU262	4	2	0	2	3	0	6	1	30	0	0	1
OTU1023	4	4	3	5	1	6	0	0	0	0	0	0
OTU8	239	18	62	20	442	11	459	19	394	40	279	32
OTU1848	12	1	69	1	20	0	1	0	12	0	88	0
OTU574	0	0	0	0	6	0	1	0	3	0	0	0
OTU1088	0	0	19	0	3	1	0	0	1	0	14	0
OTU1760	1	0	0	0	9	0	0	0	2	0	0	0
OTU364	14	0	0	0	12	3	8	0	8	0	0	0
OTU376	0	0	0	1	0	0	0	1	0	0	0	0
OTU263	0	0	0	0	0	0	0	0	0	0	0	3
OTU2145	0	0	0	0	0	0	0	0	0	4	0	0
OTU1778	0	0	0	0	0	0	0	1	0	1	0	0
OTU386	1	1	25	3	1	3	0	1	0	2	0	7
OTU573	5	0	1	3	0	0	0	1	0	4	0	2
OTU433	0	5	0	0	6	0	9	1	1	1	0	0
OTU562	0	1	0	0	0	0	0	0	0	0	0	1
OTU1989	0	0	0	1	0	0	0	0	0	0	0	1
OTU1013	0	0	0	1	0	0	0	1	0	0	0	0
OTU879	16	0	0	0	6	0	2	0	3	5	0	3
OTU624	0	3	0	0	0	1	0	6	0	0	0	0
OTU937	0	1	0	0	0	0	0	0	0	5	0	6
OTU1209	0	0	0	0	0	0	0	0	0	1	0	0
OTU1273	0	0	0	0	0	1	0	0	0	0	0	0
OTU809	0	0	0	0	0	0	0	2	0	0	0	0
OTU2017	0	0	0	0	0	0	0	0	0	1	0	1
OTU280	0	6	0	2	0	6	0	17	0	16	0	2
OTU1618	0	1	0	1	0	0	0	13	0	6	0	0
OTU1316	1	1	0	0	0	6	0	2	0	0	0	2
OTU649	0	0	0	0	0	0	0	0	0	1	0	0
OTU118	0	0	0	0	0	2	0	0	0	5	0	0
OTU457	0	0	0	0	0	0	0	3	0	1	0	0
OTU380	0	0	0	2	1	1	0	0	0	2	0	0
OTU1740	0	0	0	0	0	0	0	0	0	0	0	2
OTU730	0	1	0	0	0	0	0	2	0	0	0	0
OTU241	0	0	0	0	0	0	0	0	0	5	0	0
OTU272	0	3	0	0	0	0	0	5	0	2	0	3
OTU341	0	3	0	0	0	3	0	16	0	7	0	0
OTU201	0	0	0	0	0	0	0	2	0	2	0	0
OTU1314	0	0	0	0	0	0	0	2	0	0	0	0
OTU232	0	0	0	0	0	0	0	0	0	0	0	5
OTU467	0	0	0	0	0	0	0	0	0	0	0	1
OTU124	0	7	0	5	0	13	0	17	0	16	0	82
OTU1215	0	0	0	0	0	2	0	4	0	0	0	8
OTU886	0	3	0	0	0	0	0	14	0	3	0	7
OTU164	0	8	0	9	0	11	0	51	0	109	0	7
OTU153	0	0	0	1	0	0	0	0	0	0	0	0
OTU629	0	0	0	0	0	0	0	2	0	3	0	0
OTU966	0	0	0	2	0	0	0	1	0	2	0	4
OTU1345	0	0	0	0	0	0	0	1	0	0	0	0
OTU584	0	0	0	0	0	2	0	2	0	0	0	0
OTU366	0	0	0	2	0	1	0	0	0	0	0	1
OTU1070	0	0	0	1	0	0	0	2	0	3	0	3
OTU625	0	0	0	0	0	0	0	1	0	2	0	17
OTU253	0	11	0	11	0	6	0	44	0	45	0	39
OTU469	0	0	0	3	0	0	0	11	0	7	0	3
OTU135	0	6	0	2	0	0	0	14	0	22	0	20
OTU1605	0	1	0	0	0	0	0	0	0	0	0	0
OTU252	0	0	0	0	0	1	0	1	0	0	0	0
OTU357	0	0	0	0	0	0	0	5	0	0	0	0
OTU1601	0	0	0	0	0	0	0	0	0	1	0	0
OTU474	0	0	0	0	0	1	0	17	0	15	0	3
OTU2055	0	5	0	3	0	4	0	8	0	17	0	4
OTU1283	0	0	0	0	0	0	0	0	0	0	0	1
OTU132	0	0	1	0	0	1	0	2	0	0	0	0
OTU1124	0	0	0	0	0	0	0	4	0	4	0	7
OTU125	0	13	0	9	2	5	0	42	0	40	0	20
OTU2128	0	0	0	0	2	0	0	1	0	6	0	66
OTU182	0	7	0	6	0	12	0	20	0	82	0	27
OTU2071	0	0	0	0	0	0	0	10	0	4	0	1
OTU329	0	0	0	0	1	1	0	1	0	11	0	13
OTU1280	0	0	0	0	0	0	0	0	0	3	0	0
OTU450	0	6	0	3	0	2	0	13	0	9	0	11
OTU1020	0	0	0	0	0	0	0	1	0	0	0	0
OTU367	0	0	1	0	14	0	3	0	0	1	0	0
OTU965	0	0	0	0	0	0	0	0	0	2	0	0
OTU1668	0	0	0	1	0	0	0	0	0	1	0	2
OTU181	1	1	0	0	51	0	2	0	0	3	2	0
OTU1773	4	0	0	0	0	0	0	0	0	0	0	0
OTU641	0	0	0	0	0	0	0	0	0	1	0	0
OTU1371	0	2	0	0	0	0	0	1	0	2	0	0
OTU1437	0	0	0	0	0	0	0	0	0	0	0	1
OTU1731	0	0	0	0	0	0	0	1	0	0	0	0
OTU1226	0	0	0	0	0	0	0	0	0	0	0	6
OTU1330	0	1	0	0	0	0	0	0	0	0	0	0
OTU822	0	3	0	0	0	2	0	12	0	18	0	0
OTU363	0	6	0	2	0	2	0	2	0	27	0	14
OTU1706	0	0	0	0	0	0	0	0	0	0	0	1
OTU588	0	1	0	1	0	0	0	2	0	8	0	0
OTU1488	0	0	0	0	0	0	0	1	0	3	0	0
OTU2057	0	1	0	0	0	0	0	1	0	0	0	0
OTU530	0	0	0	1	0	0	0	0	0	0	0	0
OTU242	0	0	0	1	0	1	0	0	0	0	0	0
OTU1619	0	0	0	0	0	0	0	0	0	2	0	0
OTU414	0	0	0	0	0	0	0	0	0	1	0	0
OTU1165	0	1	0	0	0	1	0	1	0	8	0	0
OTU297	0	1	0	2	0	2	0	4	0	34	0	12
OTU1747	0	0	0	0	0	0	0	2	0	1	0	0
OTU674	0	0	0	0	0	0	0	0	0	3	0	0
OTU1096	0	0	0	0	0	0	0	0	0	0	0	1
OTU883	0	0	0	0	0	0	0	0	0	1	0	0
OTU171	0	0	0	0	0	0	0	2	0	3	0	2
OTU1723	0	1	0	0	0	0	0	0	0	0	0	0
OTU805	0	0	0	0	0	0	0	0	0	0	0	1
OTU2066	0	0	0	0	0	0	0	1	0	0	0	0
OTU697	0	0	0	0	0	0	0	1	0	0	0	7
OTU1568	0	0	0	0	0	0	0	5	0	1	0	0
OTU1438	0	0	0	1	0	0	0	1	0	0	0	0
OTU1422	0	0	0	0	0	0	0	1	0	0	0	0
OTU695	0	0	0	0	0	0	0	7	0	0	0	36
OTU1143	0	4	0	5	0	2	0	0	0	1	0	0
OTU163	0	0	0	0	0	0	0	0	0	6	0	0
OTU2062	0	0	0	2	0	0	0	0	0	0	0	0
OTU346	0	1	0	2	0	0	0	4	8	4	6	4
OTU1298	0	0	0	0	0	0	0	0	0	0	0	4
OTU372	0	4	0	5	0	6	0	7	0	10	0	0
OTU766	0	0	0	2	0	1	0	4	0	0	0	7
OTU482	0	4	0	0	0	0	0	1	1	0	0	0
OTU932	0	0	0	0	0	0	0	0	1	0	17	0
OTU583	1	0	0	0	3	0	0	2	4	0	1	2
OTU1701	0	1	0	0	0	0	0	5	0	1	0	0
OTU215	2	0	0	0	8	0	5	0	6	0	1	0
OTU320	0	5	0	3	0	0	0	9	0	9	0	0
OTU1675	0	0	0	0	0	0	0	0	0	0	0	6
OTU1849	0	0	0	0	0	0	0	0	0	2	0	0
OTU1106	0	2	0	2	0	1	0	6	0	0	0	0
OTU551	0	2	0	0	0	1	0	1	0	6	0	25
OTU1802	0	1	0	0	0	0	0	0	0	0	0	0
OTU586	0	3	0	3	0	7	0	0	0	11	0	11
OTU706	0	0	0	0	0	2	0	1	0	2	0	4
OTU1082	0	0	0	3	0	1	0	0	0	0	0	0
OTU1855	0	0	0	0	0	0	0	2	0	0	0	0
OTU2078	0	0	0	0	0	0	0	0	0	0	0	3
OTU947	0	1	0	0	0	0	0	0	0	0	0	0
OTU351	0	1	0	1	0	0	0	0	0	0	0	0
OTU515	0	0	0	0	0	0	0	1	0	0	0	0
OTU927	0	0	0	0	0	0	0	0	0	2	0	0
OTU432	0	10	0	5	0	2	0	27	0	19	0	5
OTU1389	0	0	0	2	0	0	0	0	0	0	0	4
OTU829	0	3	0	6	0	2	0	4	0	10	0	13
OTU867	0	1	0	0	0	0	0	0	4	0	0	0
OTU760	0	0	0	0	0	1	0	19	0	4	0	24
OTU238	0	6	0	4	0	4	0	12	0	38	0	12
OTU141	0	16	0	6	2	6	0	34	0	27	0	21
OTU495	0	0	0	3	0	2	0	3	0	2	0	10
OTU659	0	3	0	0	0	0	0	4	0	11	0	7
OTU843	0	0	0	1	0	0	0	6	0	2	0	0
OTU844	1	1	0	0	0	0	0	2	1	2	0	2
OTU1376	0	0	0	0	0	0	0	1	0	0	0	0
OTU1657	0	0	0	0	0	0	0	0	0	3	0	0
OTU1073	0	0	0	0	0	0	0	1	0	0	0	0
OTU300	0	2	0	0	0	1	0	0	0	2	0	2
OTU1696	0	0	0	2	0	1	0	3	0	6	0	0
OTU492	0	0	0	0	0	0	0	7	0	4	0	4
OTU1758	0	0	0	1	0	0	0	0	0	0	0	0
OTU554	5	0	0	0	19	0	9	2	4	0	16	0
OTU1993	0	4	0	0	0	0	0	5	0	4	0	19
OTU682	6	0	0	1	0	2	0	0	0	0	0	7
OTU70	169	16	23	8	64	12	51	6	14	26	68	41
OTU1140	0	0	0	3	0	9	0	16	3	13	0	0
OTU888	0	1	0	0	7	2	36	2	1	2	2	2
OTU1871	0	0	0	0	0	0	0	0	0	7	0	14
OTU539	0	2	0	2	0	4	0	1	0	2	0	5
OTU996	0	1	0	0	0	1	0	3	0	6	0	0
OTU1627	0	0	0	0	0	0	0	2	0	0	0	0
OTU557	0	1	0	0	0	0	0	0	0	2	0	0
OTU348	0	0	0	1	0	0	0	1	0	0	0	0
OTU370	0	11	0	10	0	9	0	15	0	42	0	13
OTU1678	0	0	0	0	0	2	0	0	0	0	0	0
OTU1363	0	0	0	0	0	1	0	0	0	0	0	0
OTU699	0	0	0	0	0	0	0	0	0	0	0	2
OTU1158	0	0	0	0	0	0	0	1	0	0	0	0
OTU1922	0	0	0	0	0	3	0	9	0	14	0	0
OTU1693	0	0	0	0	0	0	0	2	0	0	0	0
OTU692	0	0	0	1	0	0	0	14	0	1	0	0
OTU2113	0	1	0	0	0	0	0	0	0	4	0	0
OTU43	0	1	0	0	0	0	0	3	0	3	0	0
OTU399	0	0	0	0	0	0	0	8	0	2	0	3
OTU1540	0	0	0	0	0	0	0	2	0	2	0	2
OTU1880	0	0	0	1	0	0	0	1	0	3	0	0
OTU564	0	0	0	0	0	0	0	0	0	1	0	2
OTU1703	0	0	0	0	0	0	0	0	0	1	0	0
OTU640	0	0	0	0	0	0	0	1	0	0	0	0
OTU928	0	1	0	0	0	0	0	0	0	0	0	0
OTU478	0	0	0	0	0	0	0	1	0	0	0	3
OTU672	0	0	0	0	0	2	0	0	0	0	0	0
OTU601	0	0	0	0	0	0	0	1	0	0	0	0
OTU1957	0	1	0	0	0	0	0	0	0	0	0	0
OTU487	0	0	0	0	0	0	0	0	0	1	0	0
OTU1525	0	0	0	0	0	0	0	2	0	0	0	0
OTU1539	0	0	0	0	0	1	0	1	0	0	0	0
OTU2064	0	0	0	0	0	0	0	4	0	0	0	0
OTU210	0	0	0	2	1	0	0	0	0	2	0	4
OTU1008	0	1	0	0	0	0	0	0	0	3	0	0
OTU398	0	0	0	0	0	1	0	0	0	0	0	0
OTU741	0	1	0	4	0	3	0	3	0	24	0	71
OTU1439	0	0	0	0	0	0	0	0	0	3	0	6
OTU402	0	0	0	1	0	0	0	0	0	2	1	11
OTU1051	0	5	0	1	0	0	0	1	0	2	0	3
OTU166	0	1	0	0	0	2	0	4	0	0	0	0
OTU332	0	0	0	2	0	0	0	0	0	0	0	0
OTU196	0	0	0	0	0	0	0	1	0	0	0	0
OTU180	0	0	0	2	0	0	0	0	0	2	0	0
OTU295	0	1	0	1	0	0	0	1	0	0	0	0
OTU801	0	0	0	0	0	0	0	1	0	0	0	0
OTU264	0	0	0	0	0	1	0	3	0	2	0	3
OTU161	0	0	0	1	0	1	2	3	0	1	0	2
OTU40	0	1	1	5	1	5	0	10	1	20	0	0
OTU219	0	0	1	0	0	0	0	0	0	1	0	0
OTU1069	0	0	0	0	0	0	0	0	0	0	0	2
OTU1999	0	0	0	0	0	2	0	0	0	0	0	0
OTU1495	0	0	0	0	0	0	0	0	0	2	0	0
OTU941	0	0	0	1	0	0	0	0	0	0	0	0
OTU184	0	0	0	0	1	1	0	0	0	7	0	0
OTU569	0	0	0	0	0	0	0	1	0	0	0	1
OTU199	0	1	0	0	0	0	0	1	0	5	0	0
OTU1845	0	1	0	0	0	0	0	0	0	0	0	0
OTU394	0	0	0	1	0	0	0	0	0	0	0	2
OTU511	0	0	0	0	0	0	0	0	0	1	0	0
OTU518	0	2	0	0	0	0	0	3	0	2	0	0
OTU720	0	0	0	0	0	0	0	0	0	3	0	0
OTU131	0	0	0	0	0	0	0	0	0	0	0	1
OTU505	0	1	0	0	0	0	0	0	0	1	0	0
OTU489	0	0	0	0	0	0	0	1	0	0	0	1
OTU568	0	1	0	0	0	0	0	0	0	0	0	0
OTU328	0	0	0	0	0	0	0	1	0	0	0	0
OTU585	0	3	0	3	0	5	0	9	0	2	0	4
OTU256	0	3	0	16	5	1	0	26	1	17	0	7
OTU969	0	0	0	0	0	1	0	0	0	5	0	0
OTU778	0	0	0	1	0	0	0	5	0	6	0	0
OTU1095	0	2	0	1	0	0	0	1	0	11	0	18
OTU1211	0	0	0	0	0	1	0	0	0	0	0	0
OTU444	0	0	0	0	0	0	0	2	0	2	0	0
OTU418	0	1	0	0	0	0	0	0	0	0	0	0
OTU1264	0	0	0	0	0	0	0	0	0	0	0	1
OTU1587	0	0	0	0	0	0	0	1	0	2	0	0
OTU618	0	0	0	2	0	2	0	2	0	12	0	7
OTU1826	0	0	0	0	0	0	0	0	0	0	0	5
OTU1817	0	0	0	3	0	7	0	9	0	1	0	0
OTU1308	0	1	0	0	0	0	0	6	0	3	0	0
OTU1594	0	1	0	0	0	2	0	1	0	4	0	0
OTU1815	0	0	0	1	0	2	0	4	0	0	0	0
OTU1058	0	3	0	2	0	0	0	2	0	2	0	1
OTU1018	0	1	0	2	0	0	0	6	0	13	0	6
OTU1214	0	1	0	1	0	3	0	0	0	7	0	15
OTU677	0	8	0	6	0	2	0	8	0	20	0	6
OTU908	0	1	0	0	0	3	0	0	0	0	0	0
OTU273	0	3	0	3	0	2	0	0	0	7	0	49
OTU1666	0	0	0	0	0	0	0	0	0	7	0	20
OTU111	0	0	0	1	1	0	0	5	0	5	0	0
OTU834	0	0	0	0	0	0	0	0	0	1	0	0
OTU1252	0	2	0	0	0	0	0	0	0	0	0	0
OTU858	0	0	0	0	0	0	0	0	0	1	0	0
OTU1457	0	0	0	0	0	0	0	0	0	1	0	0
OTU972	0	0	0	1	0	0	0	1	0	1	0	1
OTU303	0	0	0	0	0	0	0	0	0	4	0	2
OTU1906	0	0	0	0	0	0	0	1	0	0	0	0
OTU1573	0	0	0	0	0	0	0	0	0	1	0	0
OTU2169	0	0	0	0	1	0	0	0	0	0	0	0
OTU988	0	0	0	0	0	0	0	1	0	0	0	3
OTU840	0	0	0	0	0	0	0	2	0	0	0	2
OTU630	0	0	0	0	0	0	0	0	0	2	0	0
OTU997	0	0	0	0	0	0	0	2	0	0	0	0
OTU498	0	0	0	0	0	1	0	4	1	3	0	2
OTU1511	0	0	0	0	0	0	0	0	0	0	0	1
OTU1307	0	0	0	0	0	0	0	1	0	1	0	0
OTU1166	0	0	0	0	0	0	0	0	0	0	0	13
OTU1872	0	0	0	0	0	0	1	0	0	0	0	0
OTU1997	0	0	0	0	0	0	0	1	0	1	0	1
OTU1751	0	0	0	0	0	0	0	1	0	3	0	0
OTU1596	0	0	0	0	0	1	0	1	0	0	0	1
OTU1360	0	0	0	3	0	1	0	1	0	0	0	4
OTU1535	0	0	0	0	0	0	0	0	0	0	0	2
OTU2120	0	3	0	0	0	0	0	2	0	0	0	6
OTU1840	0	7	0	3	0	7	0	12	0	27	0	14
OTU423	0	0	0	0	0	0	0	0	0	0	0	2
OTU508	0	0	0	0	0	0	0	1	0	0	0	0
OTU990	0	0	0	5	0	0	0	0	0	0	0	0
OTU2080	0	2	0	0	0	0	0	0	0	0	0	0
OTU1322	0	0	0	2	0	0	0	0	0	0	0	0
OTU1939	0	0	0	0	1	0	0	0	0	0	0	0
OTU169	0	0	0	0	0	0	0	0	0	1	0	3
OTU1159	0	0	0	0	0	0	0	0	0	2	0	0
OTU243	0	0	0	0	0	1	0	0	0	0	0	1
OTU847	0	0	0	1	0	1	0	0	0	0	0	0
OTU167	0	0	0	1	0	0	0	4	0	3	0	3
OTU1854	0	0	0	0	0	1	0	0	0	0	0	0
OTU261	0	0	0	1	0	0	0	7	1	9	0	0
OTU721	0	0	0	0	0	0	0	0	0	1	0	0
OTU288	0	0	0	0	0	0	0	1	0	0	0	0
OTU910	0	0	0	0	0	0	0	1	0	0	0	3
OTU1730	0	0	0	1	0	0	0	0	0	0	0	0
OTU1825	0	1	0	0	0	0	0	4	0	0	0	0
OTU1213	0	0	0	2	0	1	0	7	0	2	0	5
OTU1838	0	0	0	1	0	0	0	0	0	0	0	0
OTU1142	0	0	0	1	0	0	0	0	0	0	0	0
OTU786	0	0	0	0	0	0	0	1	0	2	0	0
OTU211	0	1	0	1	0	1	0	5	0	6	0	0
OTU919	0	0	0	0	0	0	1	0	0	0	0	0
OTU863	0	0	0	0	0	0	0	0	0	4	0	0
OTU173	0	0	0	1	0	1	0	3	0	1	0	1
OTU1112	0	0	0	0	0	0	0	0	0	0	1	0
OTU189	0	0	0	0	0	0	0	0	0	0	0	2
OTU2000	0	0	0	0	0	2	0	1	0	4	0	0
OTU497	0	0	0	0	0	1	0	1	0	1	0	0
OTU381	0	0	0	3	0	0	0	0	0	0	0	0
OTU148	1	0	0	0	0	0	0	5	0	3	0	0
OTU109	0	0	0	1	0	0	0	4	0	0	0	0
OTU488	0	2	0	0	0	0	0	2	0	2	0	0
OTU696	0	0	0	0	0	0	0	2	0	0	0	0
OTU65	0	3	0	1	0	3	0	11	0	1	0	1
OTU63	0	0	0	0	1	1	0	2	0	5	0	2
OTU52	1	0	0	0	0	1	0	1	0	5	0	3
OTU1093	0	0	0	0	0	0	1	2	0	3	0	0
OTU1450	0	0	0	1	0	0	0	0	1	0	0	0
OTU1031	0	0	0	0	0	0	0	2	0	2	0	0
OTU1547	0	0	0	0	0	1	0	2	0	0	0	0
OTU704	0	0	0	0	0	0	0	0	0	1	0	0
OTU1484	0	0	1	0	0	0	0	0	0	2	0	0
OTU315	0	0	0	1	0	0	0	0	0	0	0	0
OTU654	0	0	0	0	0	1	0	0	0	2	0	0
OTU1951	0	0	0	1	0	0	0	1	0	0	0	0
OTU1173	0	0	0	0	0	0	0	2	0	0	0	0
OTU702	0	0	0	0	0	0	0	2	0	2	0	1
OTU2136	0	0	0	0	0	0	0	1	0	1	0	0
OTU442	0	0	0	0	0	0	0	1	0	16	0	0
OTU1135	0	0	0	0	0	0	0	1	0	2	0	1
OTU2215	0	0	0	0	0	0	0	0	0	0	0	1
OTU73	0	0	0	1	0	1	0	6	0	3	1	2
OTU1149	0	0	0	0	0	0	0	0	0	1	0	0
OTU566	0	0	0	0	0	0	0	0	0	3	0	0
OTU602	0	0	0	0	0	0	0	4	0	2	0	2
OTU899	0	0	2	1	0	1	0	3	0	0	4	0
OTU459	0	0	0	1	0	0	0	3	0	1	0	0
OTU817	0	0	0	1	0	0	0	3	0	1	0	0
OTU735	1	0	1	0	11	0	9	0	4	0	9	0
OTU1019	0	0	0	0	0	3	0	0	0	1	0	0
OTU933	0	0	0	0	0	0	0	1	0	0	0	0
OTU1919	0	0	0	0	0	0	0	0	0	4	0	0
OTU299	2	2	15	0	14	1	5	1	11	1	11	3
OTU1289	0	0	0	1	0	0	0	0	0	0	0	0
OTU1850	0	0	0	0	0	1	0	0	0	0	0	0
OTU1416	0	0	0	0	0	0	0	1	0	0	0	0
OTU945	0	0	0	3	0	0	0	9	0	4	0	5
OTU1024	0	0	0	0	0	3	0	12	0	7	0	14
OTU1600	0	0	0	0	0	0	0	1	0	0	0	0
OTU106	0	0	0	1	0	1	0	20	0	8	0	0
OTU136	0	0	0	0	0	0	0	0	0	1	0	3
OTU992	0	2	0	0	0	0	0	0	0	0	0	0
OTU404	0	2	0	1	0	0	0	3	0	9	0	1
OTU275	0	0	0	0	0	0	0	0	0	0	0	3
OTU292	0	0	2	1	0	0	0	9	0	2	0	0
OTU631	0	0	0	0	0	0	0	1	0	6	0	1
OTU417	0	0	0	0	0	0	0	2	0	0	0	0
OTU925	0	0	0	1	0	0	0	0	0	2	0	0
OTU570	0	0	0	0	0	0	0	0	0	0	1	0
OTU2157	0	0	0	0	0	1	0	0	0	3	3	8
OTU94	0	2	0	1	0	3	0	7	0	21	0	1
OTU1742	0	1	0	1	0	0	0	1	0	7	0	7
OTU1391	0	0	0	0	0	1	0	2	0	0	0	0
OTU108	0	2	0	1	0	0	0	1	0	0	0	1
OTU1867	0	0	0	0	1	0	0	1	0	2	0	0
OTU228	0	0	0	0	0	0	0	0	0	5	0	3
OTU296	0	3	0	4	0	3	0	22	0	26	0	17
OTU1281	0	1	0	1	0	0	0	5	0	0	0	3
OTU317	0	0	0	0	0	0	0	0	0	4	0	0
OTU828	0	0	0	0	0	0	0	0	0	0	0	2
OTU1766	0	0	0	0	0	0	0	1	0	0	0	0
OTU335	0	0	0	0	0	0	0	2	0	0	0	0
OTU1261	0	0	0	0	0	0	0	0	0	0	0	3
OTU1094	0	0	0	0	0	0	0	0	0	4	0	0
OTU198	0	2	0	4	0	4	1	11	1	11	0	14
OTU451	0	0	0	0	0	0	0	1	0	0	0	0
OTU276	0	12	0	13	0	5	0	53	0	66	0	32
OTU374	0	4	0	1	1	5	0	6	0	6	0	16
OTU174	0	3	0	2	0	1	0	35	0	25	0	6
OTU862	0	0	0	0	0	0	0	2	0	3	0	1
OTU957	0	0	0	0	0	0	0	0	0	0	0	2
OTU516	0	1	0	0	0	0	0	1	0	0	0	0
OTU1151	0	0	0	1	0	0	0	7	0	3	0	3
OTU1357	0	0	0	0	0	0	0	0	0	0	0	2
OTU1841	0	0	0	0	0	0	0	1	0	0	0	3
OTU639	0	0	0	1	0	2	0	5	0	2	0	3
OTU200	0	0	0	0	0	0	0	0	1	4	0	1
OTU499	0	0	0	0	0	0	0	1	0	0	0	0
OTU62	0	0	0	0	0	0	0	1	0	3	0	0
OTU55	0	0	0	0	0	0	0	0	0	2	0	0
OTU1367	0	0	0	0	0	0	0	0	0	1	0	0
OTU472	0	0	0	0	0	0	0	0	0	2	0	0
OTU160	0	0	0	0	0	0	0	0	0	1	0	3
OTU86	0	0	0	0	0	0	0	0	0	1	0	0
OTU214	0	0	0	0	2	0	0	0	0	0	0	1
OTU608	0	0	0	0	0	0	0	0	0	2	0	0
OTU116	0	0	0	0	0	0	0	4	0	0	0	0
OTU279	0	0	0	0	0	0	0	2	0	0	0	2
OTU837	0	0	2	0	0	0	0	4	0	0	0	0
OTU763	0	0	0	0	0	4	0	0	0	0	0	14
OTU42	0	18	0	16	0	31	0	198	0	269	0	79
OTU389	0	0	0	1	1	2	0	13	0	18	0	127
OTU1304	0	0	0	0	0	0	0	1	0	0	0	0
OTU536	0	0	0	0	0	1	0	6	0	4	0	4
OTU1109	0	0	0	0	0	0	0	1	0	4	0	2
OTU2197	0	0	0	0	0	0	2	2	0	3	0	1
OTU2132	0	0	0	0	0	2	0	2	0	1	0	0
OTU1579	0	0	0	0	0	0	0	0	1	0	0	0
OTU532	0	0	0	1	0	0	0	1	0	0	0	0
OTU1012	0	0	0	0	0	0	0	1	0	4	0	0
OTU207	1	1	3	0	7	0	15	3	16	6	6	1
OTU93	0	1	0	4	0	0	0	27	3	22	0	5
OTU104	0	1	0	1	0	3	0	9	0	6	0	1
OTU646	0	0	1	0	2	0	0	0	0	0	0	0
OTU344	0	0	0	0	0	0	0	0	0	3	0	0
OTU1174	20	11	0	8	16	12	5	41	7	63	12	14
OTU534	0	0	12	0	4	0	0	1	0	4	1	0
OTU7	360	26	326	25	957	21	1969	249	1207	365	1033	86
OTU56	67	3	12	1	47	0	119	10	48	15	67	0
OTU1409	0	1	0	0	0	0	0	0	0	0	0	0
OTU265	0	6	0	12	0	9	0	44	0	36	0	8
OTU723	0	39	0	29	0	30	0	14	0	39	0	52
OTU61	0	76	0	71	0	45	0	99	0	90	0	112
OTU875	0	1	0	0	0	0	0	1	0	1	0	1
OTU358	3	15	0	10	1	9	6	2	2	2	2	0
OTU950	0	0	0	1	1	0	7	0	6	0	7	0
OTU60	124	89	121	96	180	68	206	79	242	133	221	97
OTU2109	0	1	0	1	0	4	0	0	0	5	0	0
OTU1980	10	4	10	4	43	0	16	11	23	10	13	3
OTU718	3	7	3	4	10	4	5	35	13	9	0	5
OTU36	279	16	337	15	159	14	168	25	181	25	247	7
OTU87	21	1	13	0	54	0	94	5	91	5	73	12
OTU1948	0	0	0	0	0	0	0	0	0	0	0	4
OTU270	0	27	3	29	1	24	0	2	0	7	1	12
OTU1868	0	0	0	1	0	0	0	0	0	0	0	0
OTU11	54	117	43	130	21	126	37	33	23	85	34	54
OTU409	0	3	0	1	1	1	2	6	0	4	0	1
OTU49	177	55	52	43	33	58	46	1	35	7	139	1
OTU774	0	0	0	0	0	0	0	2	0	0	0	116
OTU949	0	13	0	11	2	5	0	20	0	31	0	5
OTU64	1	18	1	11	2	15	1	50	0	41	0	33
OTU1808	0	6	0	4	1	2	0	22	0	33	0	6
OTU90	3	29	12	39	20	32	24	158	8	201	15	207
OTU607	0	0	0	0	0	0	0	1	0	2	0	3
OTU959	0	0	0	0	0	1	0	15	0	18	0	0
OTU157	0	0	0	1	0	0	0	6	0	4	0	3
OTU92	11	0	4	0	31	0	11	8	4	10	13	5
OTU750	13	0	7	0	34	0	15	3	5	2	4	0
OTU314	0	0	0	1	0	0	0	2	0	7	0	0
OTU473	29	7	7	0	3	4	5	15	5	43	1	2
OTU388	12	0	3	0	0	0	8	3	4	30	15	8
OTU653	0	0	0	0	0	0	0	2	0	0	0	2
OTU1614	7	0	1	4	8	0	8	7	3	7	1	1
OTU393	0	0	1	0	0	0	0	9	0	8	0	0
OTU50	0	44	7	37	0	36	0	229	0	245	0	317
OTU188	0	0	0	1	0	0	0	2	0	0	0	2
OTU139	0	40	2	22	0	23	0	33	0	78	0	21
OTU209	0	0	0	1	0	0	0	5	0	8	0	0
OTU2150	0	0	0	1	0	0	0	0	0	0	0	0
OTU59	92	50	55	47	101	46	76	171	70	226	70	163
OTU1218	0	3	0	7	0	11	0	31	0	35	0	18
OTU217	0	9	0	2	0	2	5	15	1	30	0	5
OTU212	0	0	0	3	0	1	0	1	0	7	0	11
OTU445	0	15	0	9	0	4	0	18	0	25	0	23
OTU603	2	0	0	0	1	1	3	0	0	0	0	0
OTU195	0	0	0	4	0	1	0	1	0	3	0	4
OTU354	0	3	0	0	0	0	0	1	0	5	0	1
OTU852	0	0	0	2	0	0	0	2	0	6	0	22
OTU89	1	9	0	11	1	8	0	51	0	64	0	14
OTU855	0	5	1	1	22	1	0	4	2	8	2	2
OTU396	10	2	7	2	14	4	4	7	7	12	11	4
OTU150	0	5	0	1	0	6	0	27	0	40	0	0
OTU403	0	2	0	1	0	0	0	8	0	7	0	0
OTU905	0	0	1	1	9	0	0	5	0	15	0	3
OTU2178	0	0	1	0	0	2	0	0	0	0	0	0
OTU435	3	5	5	3	8	3	10	33	0	36	7	13
OTU638	0	0	0	0	0	0	0	3	0	0	0	0
OTU323	0	0	0	2	0	0	0	1	0	0	0	0
OTU421	0	16	0	4	1	10	0	28	0	25	0	12
OTU257	0	0	0	0	0	0	0	1	0	0	0	0
OTU1644	0	2	0	2	0	2	0	2	0	7	0	10
OTU91	0	6	0	6	2	2	0	21	0	16	0	26
OTU613	0	0	0	0	0	0	0	1	0	0	0	0
OTU668	0	0	0	0	0	0	0	0	0	2	0	0
OTU81	0	0	0	5	0	5	0	7	0	14	0	12
OTU1554	0	0	0	0	0	1	0	0	0	3	0	1
OTU553	0	1	0	4	0	2	0	0	0	2	0	9
OTU671	0	1	0	0	0	0	0	1	0	4	0	0
OTU1118	0	2	0	2	0	1	0	0	0	0	0	0
OTU337	0	0	0	0	0	0	0	0	0	0	0	4
OTU465	0	1	1	0	0	0	0	1	0	1	0	0
OTU675	0	1	0	2	0	0	0	1	0	0	0	0
OTU470	0	0	0	2	0	0	0	0	0	1	0	0
OTU2100	0	0	0	0	0	2	0	0	0	2	0	4
OTU512	0	2	0	0	0	1	0	10	0	8	0	1
OTU2020	0	0	0	0	0	0	0	0	0	2	0	0
OTU993	0	0	0	0	0	0	0	0	0	0	0	1
OTU1819	0	0	0	0	0	3	0	0	0	1	0	1
OTU1728	0	0	0	0	0	0	0	0	0	3	0	0
OTU819	0	2	0	7	0	1	0	5	0	8	0	4
OTU1743	0	2	0	1	0	2	0	9	0	0	0	3
OTU1453	0	0	0	0	0	0	0	1	0	2	0	0
OTU1910	0	1	0	0	0	0	0	6	0	3	0	1
OTU1157	0	0	0	1	0	0	0	2	0	1	0	1
OTU636	0	0	0	0	0	0	0	11	0	0	0	0
OTU517	0	0	0	1	0	0	0	0	0	0	0	0
OTU2114	0	0	0	0	0	0	0	1	0	0	0	0
OTU230	0	1	0	0	0	1	0	0	0	0	0	0
OTU456	0	0	0	0	0	0	0	0	0	1	0	0
OTU239	0	3	0	0	0	0	0	5	0	3	0	0
OTU1475	0	0	0	0	0	0	0	0	0	1	0	0
OTU247	0	0	0	0	0	0	0	0	0	2	0	0
OTU772	0	2	0	1	0	2	0	5	0	9	0	15
OTU621	0	0	0	3	0	0	0	0	0	0	0	0
OTU745	0	0	0	1	1	0	0	2	0	0	0	1
OTU724	0	0	0	0	0	0	0	0	0	1	0	0
OTU1623	0	0	0	0	0	0	0	1	0	0	0	0
OTU1402	0	0	0	0	0	0	0	1	0	0	0	0
OTU549	0	0	0	0	0	0	0	0	0	0	0	1
OTU1429	0	0	0	0	0	0	0	1	0	0	0	0
OTU924	0	0	0	0	0	0	0	0	0	0	0	1
OTU592	0	0	0	0	0	0	0	2	0	0	0	0
OTU490	0	0	0	0	0	1	0	0	0	0	0	0
OTU652	0	0	0	0	0	0	0	0	0	0	0	2
OTU1858	0	0	0	0	0	0	0	1	0	0	0	0
OTU350	0	0	0	0	0	2	0	3	0	2	0	0
OTU565	0	0	0	0	0	0	0	2	0	0	0	0
OTU1444	0	0	0	0	0	0	0	0	0	0	0	2
OTU1912	0	0	0	0	0	0	0	0	0	0	0	3
OTU815	0	1	0	0	0	1	0	0	0	0	0	0
OTU1194	0	0	0	0	0	1	0	0	0	0	0	0
OTU446	0	1	0	0	0	0	0	1	0	4	0	0
OTU391	0	0	0	0	0	0	0	1	0	0	0	0
OTU1598	0	0	0	0	0	0	0	3	0	0	0	0
OTU1995	0	0	0	0	0	0	0	1	0	0	0	0
OTU447	0	1	0	1	0	1	0	1	0	4	0	0
OTU168	0	0	0	0	0	0	0	0	0	2	0	0
OTU486	0	0	0	0	0	0	0	0	0	1	0	0
OTU2018	0	0	0	0	0	0	0	0	0	2	0	1
OTU686	0	0	0	0	0	0	2	0	0	0	0	0
OTU427	0	2	0	0	0	0	0	1	0	0	0	0
OTU555	0	0	0	0	0	0	0	0	0	5	0	0
OTU448	0	0	0	0	0	0	0	2	0	3	0	0
OTU330	0	0	0	0	0	0	0	2	0	0	0	0
OTU224	0	0	0	0	0	0	0	1	0	1	0	0
OTU202	0	0	0	0	0	1	0	3	0	0	0	1
OTU258	0	0	0	0	0	0	0	1	0	0	0	0
OTU115	0	0	0	0	0	0	0	3	0	4	0	0
OTU208	0	0	0	0	0	0	0	5	0	0	0	0
OTU134	0	0	0	0	0	0	0	1	0	0	0	0
OTU1328	0	0	0	0	0	0	0	2	0	0	0	0
OTU422	0	0	0	0	0	0	0	1	0	5	0	2
